"X35S_0"	"X35S_3h"	"X35S_8h"	"BRN_0"	"BRN_3h"	"BRN_8h"	"GL2_0"	"GL2_3h"	"GL2_8h"	"GL2GL2_0"	"GL2GL2_3h"	"GL2GL2_8h"	"SCR_0"	"SCR_3h"	"SCR_8h"	"SCRSCR_0"	"SCRSCR_3h"	"SCRSCR_8h"	"SCRGL2_0"	"SCRGL2_3h"	"SCRGL2_8h"	"SHR_0"	"SHR_3h"	"SHR_8h"
"AT5G38790"	96.195	147.975	83.17	55.835	102.64	56.815	25.825	73.825	62.4	176.435	391.52	215.98	209.265	316.925	284.865	369.915	414.485	407.295	306.91	352.57	199.825	15.015	19.11	13.58
"AT1G72240"	259.365	274.245	209.025	269.105	262.37	158.485	207.935	343.64	138.39	540.715	1312.945	974.66	525.68	778.26	637.915	760.45	890.24	784.695	1018.695	1330.305	944.965	127.31	133.21	114.29
"AT4G03140"	71.715	80.57	73.135	46.68	82.625	124.57	53.455	54.215	100.165	125.615	151.46	228.885	177.09	207.68	209.015	304.19	188.53	247.91	266.63	233.76	288.67	64.495	75.58	79.07
"AT1G22640"	568.76	762.075	705.02	2110.685	2479.54	2142.68	890.115	1167.32	1320.945	1432.33	1920.535	2105.275	2070.595	2444.395	2145.54	2421.725	3205.8	2771.77	1443.08	1683.34	1485.305	258.915	295.035	336.135
"AT1G20190"	750.635	508.995	415.29	376.74	380.47	342.26	146.045	122.615	96.835	420.3	438.25	324.195	1411.165	1032.61	968.18	4177.15	4578.655	3905.525	936.96	964.655	568.11	321.09	162.7	211.165
"AT4G16270"	118.1	111.34	96.255	45.105	44.63	63.93	14.485	18.535	19.47	114.91	64.48	92.045	968.67	1220.7	1458.6	2267.425	2705.63	2126.055	667.755	871.74	626.255	19.9	18.29	35.57
"AT1G12090"	29868.775	29068.57	21689.955	9954.405	13276.49	8338.265	2150.23	3309.73	4643.58	6927.78	6461.47	7053.725	50201.5	39965.3	34064.075	71422.065	76747.73	89063.41	16110.42	14589.99	10866.125	3056.485	3108.59	3497.815
"AT4G28040"	1057	722.015	658.055	547.145	475.415	356.08	272.49	172.82	243.785	586.22	209.285	338.735	5135.94	3714.21	3959.93	6997.37	5296.965	4709.955	3026.95	1754.37	1502.2	262.51	205.685	234.97
"AT4G30420"	539.625	325.825	290.555	216.71	240.37	185.065	71.64	76.225	67.065	135.85	75.52	93.9	913.39	753.025	617.22	1028.775	704.1	676.305	560.375	644.945	523.25	54.88	52.62	64.94
"AT2G34070"	910.445	745.085	626.595	414.68	384.365	489.875	1056.355	1291.045	794.915	572.93	931.205	1200.7	1252.48	1619.005	1380.19	1936.235	2119.05	2113.44	830.395	932.37	649.87	1228.5	1218.93	1305.195
"AT3G06590.2"	1675.455	1631.035	1890.52	1173.435	1762.57	1291.77	567.745	712.79	852.635	1288.965	1479.855	1694.95	1800.66	3017.85	3245.755	3367.88	4109.88	3807.59	2672.59	3385.785	3190.815	2745.34	2625.24	2732.13
"AT5G42320"	695.85	898.155	698.93	689.465	676.225	781.445	496.27	651.995	635.48	614.49	779.025	644.69	742.97	1158.34	907.16	956.83	1110.92	1070.55	838.555	1070.87	868.94	875.87	976.61	830.36
"AT3G16180"	1278.37	1195.83	826.95	752.435	892.745	889.935	2013.915	2637.955	2168.135	1498.635	1654.51	1863.95	2591.72	2961.335	2466.26	2118.405	2563.825	2263.555	2236.47	2241.43	1732.6	1561.805	1500.635	1562.45
"AT1G76160"	2108.935	2530.905	2150.825	653.65	929.29	1036.18	2636.485	3793.045	2474.94	1939.825	2582.07	2361.46	3136.545	3921.995	3235.2	2928.775	3240.18	2966.585	2465.865	3172.62	2852.56	1784.255	2141.625	2002.88
"AT3G23690"	1640.515	1770.725	1513.81	1150.505	1436.215	1447.815	2155.085	2693.015	2689.625	2268.05	2560.12	2200.425	1902.16	2663.025	2563.965	1998.73	2310.27	2198.775	2105.245	2382.07	1916.95	1571.385	1768.26	1862.715
"AT1G20840"	2854.165	3398.605	2883.105	3397.365	2997.985	3561.395	5672.475	6368.69	5387.245	4414.025	5707.855	5952.76	6173.61	8554.91	7591.055	5341.555	6133.685	6142.295	5066.435	6178.01	5636.535	1446.585	1638.495	1818.615
"AT5G65390"	7621.65	14922.265	10573.875	2477.205	4489.455	5602.355	7362.32	13402.97	11036.86	10134.645	25363.635	24085.035	20163.735	25845.515	26467.19	15529.09	23487.205	20551.25	13481.9	18404.52	13042.13	4901.115	6283.965	5570.28
"AT1G63840"	2779.365	4183.915	4420.11	1904.305	3675.51	2790.94	5305.57	6670.99	9013.745	8615.335	9596.84	11937.155	5815.4	7760.21	8899.545	4225.865	6097.155	5978.065	6150.345	7927.57	7068.865	2501.875	3249.325	4016.6
"AT4G18060"	987.76	878.99	911.15	1065.63	1138.21	1082.565	1114.495	1466.345	1521.9	1219.895	1095.25	1081.79	1076.965	1470.84	1459.35	1333.38	1295.22	1338.15	1315.985	1292.155	1328.17	975.11	1032.555	1144.485
"AT5G13910"	326.045	256.26	305.035	104.945	103.315	98.645	295.545	157.285	476.885	1519.365	692.025	1480.92	332.07	453.125	420.445	1130.16	1025.04	980.925	621.465	627.56	697.89	403.48	257.335	306.46
"AT4G12880"	7355.935	5684.065	7834.855	7351.41	5551.935	4704.275	8071.96	7503.435	7664.375	21809.975	16255.795	15174.035	4842.91	5489.49	7142.395	9767.34	11487.93	11238.615	7957.095	7475.41	8581.77	3256.71	1773.05	2202.855
"AT1G12845"	138.97	53.1	54.605	145.605	77.97	53.475	29.045	33.16	36.23	198.62	203.005	301.98	57.155	39.885	34.075	230.965	109.545	147.505	102.895	68.31	43.54	9.955	5.965	10.575
"AT5G45940"	461.3	416.125	369.595	1250.18	1193.3	919.005	266.53	288.815	399.18	533.17	511.27	569.195	696.185	706.965	826.71	768.19	827.85	838.735	840.16	785.745	822.015	415.545	362.835	382.45
"AT1G27330"	5508.78	4333.105	5114.395	12012.325	12789.75	9602.035	5390.765	5686.135	5825.2	6237.515	7487	6001.625	4315.965	5481.26	6398.26	7163.785	6619.83	6605.135	8971.56	8528.425	8759.865	5615.935	4135.535	5244.52
"AT1G59940"	497.855	167.675	126.785	1651.825	828.64	562.49	1128.245	147.49	159.015	1357.375	643.52	374.255	709.135	356.735	290.725	1021.495	795.255	966.855	464.52	278.765	231.89	245.725	129.125	81.075
"AT5G62620"	120.86	153.72	110.315	108.67	133.285	131.925	183.615	257.735	182.755	277.67	385.24	258.755	46.215	58.195	59.135	52.17	67.78	68.17	50.645	61.85	69.145	181.04	200.095	207.525
"AT1G28070"	419.5	334.81	359.32	331.1	319.735	285.445	1077.115	1294.485	1373.365	1283.87	1522.225	1229.915	65.09	66.435	101.43	82.13	90.36	88.01	104.935	89.065	91.115	877.915	644.575	723.59
"AT1G16858"	1316.035	1530.37	1635.565	1683.57	1818.385	1821.395	2204.89	2754.46	2517.415	2233.31	2961.54	3263.08	1348.04	1279.59	1457.83	1161.255	1391.295	1269.93	965.92	1159.66	968.885	1817.465	1782.475	1969.05
"AT3G13360"	889.21	1060.175	965.555	796.24	697.41	934.675	1143.545	1424.865	1354.43	1311.315	1866.65	1666.585	485.225	578.05	568.67	438.555	517.5	540.91	494.43	524.31	430.025	820.715	995.19	877.045
"AT3G57410"	790.365	698.835	555.79	598.97	565.06	605.37	685.77	856.11	1094.365	1315.795	1510.895	1396.005	526.6	569.625	596.345	505.625	578.85	492.86	334.095	382.3	271.915	1261.715	1211.08	1276.615
"AT2G03350"	1152.475	850.385	954.52	1020.245	1036.02	890.445	1076.03	1352.755	1457.495	1090.465	1364.24	1293.295	678.75	884.715	1033.97	918.055	829.125	891.11	701.415	784.705	662.69	1003.07	905.88	1059.195
"AT1G45688"	3008.095	3787.575	3111.855	2435.155	2576.82	2585.065	5698.28	8250.8	6524.735	5426.35	7527.32	7072.42	2847.275	3687.655	2943.265	2866.525	3135.915	2825.51	2426.545	2870.305	2299.68	2487.795	2950.22	2649.245
"AT4G00430"	4918.39	4776.97	4934.925	2895.295	3087.63	2893.925	13002.715	19987.22	16967.535	12585.21	15758.135	15287.485	4426.82	4599.895	5503.555	2424.8	3335.39	3956.815	3534.435	3220.595	3894.82	5015.64	3899.14	4673.56
"AT1G08590"	310.84	396.535	383.935	159.33	208.42	185.98	889.6	1256.08	787.7	642.87	1232.02	1097.885	311.015	407.46	404.515	370.06	529.81	429.335	174.69	259.215	172.25	225.145	269.045	281.055
"AT1G64640"	2610.22	3944.48	3131.04	4432.15	3708.06	3322.785	8604.58	12828.865	7234.41	8126.26	12922.16	11657.515	2089.53	3278.745	2973.745	3267.02	2934.22	3573.095	1473.625	2809.09	1680.08	2715.945	3254.535	3061.625
"AT2G19620.2"	157.805	248.645	210.01	206.36	178.48	241.085	375.52	814.4	615.77	459.15	826.205	694.565	97.175	123.22	107.97	117.1	107.95	139.615	101.71	119.2	114.22	146.845	168.555	166.455
"AT4G34260"	581.655	554.35	494.775	520.38	403.445	597.045	2302.545	2915.09	2141.74	3035.425	3784.055	3451.065	271.085	260.045	224.695	410.68	369.01	409.64	241.48	236.715	238.29	661.09	733.945	853.2
"AT5G22310"	152.64	232.415	165.685	55.995	137.975	127.345	554.335	1105.34	947.715	838.07	1204.19	1258.965	75.9	68.41	46.555	174.22	233.69	232.12	22.6	30.815	22.52	21.61	43.705	36.705
"AT1G03870"	22361.295	21758.855	21350.095	9615.14	14424.595	11756.735	57332.005	73306.42	76923.875	70982.17	96541.88	92764.345	20057.71	25193.89	23984.6	22649.005	26330.13	30243.835	13222.655	16703.26	14065.35	8986.87	11129.85	10137.195
"AT3G49845"	2422	3304.425	3221.54	3137.3	3917.95	2566.095	7755.58	10894.155	12048.7	11482.06	20620.09	16841.235	1316.425	1696.32	1483.7	2948.65	4543.895	3824.65	451.77	719.215	549.57	1020.715	1031.895	817.31
"AT5G10430"	22381.445	45464.295	28083.53	14181.025	19358.84	23274.42	46695.915	71995.675	68235.17	62995.01	111143.715	93273.215	23692.335	33970.045	34885.82	19907.4	31989.25	33194.865	13610.005	22487.485	13770.71	20458	28129.12	23983.965
"AT2G35880"	1300.33	1682.185	1361.275	894.535	1108.36	1085.6	2267.785	3609.08	3364.595	3054.35	4509.785	4224.305	1547.71	2093.59	1947.475	2082.235	2100.64	2297.445	1251.07	1690.475	1340.57	845.93	1382.245	1397.915
"AT3G58620"	113.205	191.115	132.56	68.775	91.88	129.99	317.97	474.865	474.09	330.6	464.395	423.575	198.06	250.395	165.4	222.655	217.645	234.3	124.05	128.18	79.04	133.68	176.38	197.53
"AT4G12510"	23333.755	28823.53	28215.845	16396.48	17681.66	13424.69	63803.945	69111.735	85627.725	102748.46	119724.43	121383.025	38412.445	27708.6	33400.29	43838.025	57991.32	67748.7	13549.365	16536.415	10735.395	3274.545	2833.02	3540.265
"AT4G21850"	19804.785	22796.975	25601.28	36920.05	32905.245	36474.25	52644.745	71636.39	99674.22	76317.46	124475.435	141949.675	9701.57	17044.305	13432.65	12528.475	21075.135	17041.95	9307.465	15305.07	8830.955	2631.11	4031.425	4456.965
"AT4G30290"	2751.47	4317.63	3441.48	8780.565	10673.99	15917.69	11407.575	26363.275	22039.005	24327.35	46539.675	49639.81	178.265	211.405	257.19	354.78	299.9	371.395	196.11	310.19	233.155	173.3	256.13	294.315
"AT2G39010"	167.49	325.87	300.87	139.855	143.9	119.935	661.44	1863.54	1547.38	2382.27	4163.245	4897.485	26.51	39.96	40.71	64.945	38.125	68.78	30.59	38.835	26.005	8.91	18.565	28.395
"AT5G04820"	326.43	529.24	454.86	575.02	1012.305	463.22	517.22	1023.215	1029.35	1072.93	1324.69	1290.955	287.515	407.345	298.325	239.745	309.835	244.07	348.71	453.23	399.42	191.56	242.65	223.305
"AT3G56000"	64.975	96	91.68	41.54	82.555	117.37	110.3	210.045	343.88	134.9	199.16	298.3	125.47	112.5	133.505	63.305	70.795	58.27	52.255	46.79	76.745	18.145	43.01	51.745
"AT3G16850"	1154.425	1463.995	1493.005	976.715	1336.72	1856.01	1992.07	2375.215	2982.87	2555.69	2739.995	2865.08	1125.7	1588.605	1620.475	1035.035	1344.395	1628.14	901.67	1014.67	967.245	925.525	1228.775	1270.68
"AT1G73170"	121.075	192.265	170.16	100.81	127.155	161.8	141.025	174.07	205.29	220.765	261.285	238.575	114.615	121.08	122.09	117.98	133.89	118.685	128.47	139.19	117.54	118.74	153.275	142.845
"AT5G11420"	270.73	275.715	198.12	157.12	163.88	92.675	388.165	745.745	625.38	2574.07	2345.385	1953.76	41.72	28.64	30.635	49.965	52.795	50.015	28.89	44.18	38.24	189.925	173.435	130.59
"AT2G47550"	730.11	541.09	314.115	3142.845	2320.99	1063.645	4643.115	4106.59	3144.495	3341.135	4119.74	3471.43	73.76	54.735	43.84	139.33	174.8	97.81	44.355	60.265	45.29	81.18	78.045	64.49
"AT5G45280"	3861.475	2820.975	2558.675	13763.175	9475.77	10712.495	19825.945	17262.575	14008.975	15894.585	17863.175	14691.35	360.28	250.825	234.6	478.485	421.255	441.84	322.88	286.17	285.68	453.1	314.195	259.395
"AT2G25810"	4407.535	3276.775	3760.285	7153.185	6076.215	3815.225	18739.005	16569.975	16481.98	21650.135	16336.08	19598.21	410.11	357.735	425.42	769.025	726.335	631.675	370.97	394.985	354.625	327.77	281.355	348
"AT1G67330"	471.56	465.88	502.785	365.38	405.315	353.225	2206.835	1957.56	1848.045	2637.135	2021.77	1943.08	64.04	58.53	109.34	106.39	134.595	168.31	71.63	73.92	62.2	30.19	39.14	34.99
"AT1G28240"	415.575	532.105	381.215	476.57	443.345	606.655	834.6	1271.85	1197.49	1035.34	1290.055	1168.905	440.325	503.9	424.335	418	482.39	436.73	380.91	473.905	369.085	246.81	320.985	296.005
"AT1G63220"	4025.275	3881.33	4863.12	5339.305	5563.085	4106.47	11037.225	13010.595	13108.93	11765.49	15057.57	13054.215	3041.53	2864.9	3425.765	3360.055	3024.82	3353.395	2494.76	2647.725	2636.535	2233.93	1947.52	2572.95
"AT2G31680"	918.15	994.975	874.55	1226.045	1232.575	1041.13	1612.65	2030.435	1722.56	2041.325	2269.17	1858.62	797.94	1116.815	1040.095	1044.655	1169.455	1110.15	808.82	889.48	823.4	689.66	770.105	722.62
"AT3G01220"	1568.88	1151.625	1080.1	2261.905	2055.025	2145.2	3694.45	4175.52	4524.005	4268.27	5126.6	3816.595	1427.605	1553.465	1530.12	2493.15	2292.45	2558.855	1335.61	1350.51	1019.355	562.585	586.795	613.865
"AT4G21830.2"	3290.945	3650.645	3309.62	8173.045	8884.09	8095.96	10410.06	12221.1	16137.375	13031.35	16395.9	14659.115	2343.04	3388.555	3474.455	5187.415	7222.76	6243.96	2116.805	2745.095	1804.055	199.8	282.29	313.945
"AT4G19120.2"	1817.28	2306.225	1522.615	1792.96	2001.615	2354.445	4087.415	6170.615	4177.255	3437.525	4248.16	3938.585	851.18	1041.8	841.72	1154.525	1175.755	1206.85	527.91	747.605	478.755	1766.035	2057.58	2051.91
"AT5G09870.1-Protein"	593.045	631.145	449.59	611.07	575.68	753.275	1122.225	1743.11	983.725	832.87	923.215	921.06	323.615	438.43	300.15	340.25	345.37	294.185	287.79	330.225	300.005	498.045	458.75	439.21
"AT2G20750"	1012.61	1148.045	768.61	830.875	928.545	861.255	3183.735	5037.58	3533.45	1945.37	3466.915	2080.73	478.21	738.945	464.715	750.715	1084.14	922.18	143.255	314.075	128.05	1628.8	1637.235	1613.065
"AT2G23980"	519.94	569.29	504.415	813.985	886.745	903.12	1481.43	1696.79	1541.215	1245.135	1276.48	1317.6	495.52	547.705	525.3	381.36	429.49	423.655	440.64	481.74	434.92	306.85	400.165	380.925
"AT3G07010"	1480.19	1564.815	1234.235	2317.745	2664.65	3316.565	4327.03	6301.82	5461.41	3683.41	4667.63	4451.38	1246.07	1459.41	1316.42	1724.61	1748.39	2088.015	611.005	870.62	575.93	820.11	970.825	1066.8
"AT1G11545"	4107.23	3459.02	2989.22	7459.01	7488.185	5246.805	12432.775	17372.285	11803.63	11499.56	15063.415	11669.255	3104.36	4120.705	3727.145	3537.015	3928.68	4115.285	2083.095	2584.545	2030.775	2351.08	2305.445	2291.51
"AT5G51060"	465.11	421.505	361.505	565.74	767.295	764.15	1635.115	2220.695	1902.415	1431.63	2093.035	1455.29	102.93	136.185	126.705	358.14	438.085	389.945	88.54	125.755	72.48	91.975	127.405	120.365
"AT5G42880"	175.55	202.34	159.905	198.465	213.045	252.62	338.86	523.93	401.575	310.885	452.49	383.865	131.79	144.71	151.64	137.13	153.565	142.095	97.545	125.685	112.1	117.58	164.62	170.97
"AT3G06770.3"	403.41	528.3	365.82	377.465	472.855	501.62	1199.34	1941.905	1268.425	1015.22	1563.15	1279.915	247.585	315.415	245.86	334.07	451.985	480.15	153.025	230.44	146.575	262.86	277.635	263.57
"AT3G63470"	346.855	325.945	195.305	744.425	781.8	617.055	1881.28	2680.33	1982.025	1365.355	1705.935	1502.225	67.185	81.78	58.965	233.295	225.5	249.745	25.83	42.075	30.51	212.05	206.92	190.155
"AT1G25450"	498.27	444.84	338.49	902.58	534.555	548.04	3499.275	4998.81	4535.49	1946.045	3051.41	3307.335	40.72	30.665	32.34	42.165	40.895	34.205	18.1	30.53	20.87	51.575	58.33	65.385
"AT1G05650"	255.305	329.83	261.055	128.15	197.155	237.185	2862.34	3850.83	2569.675	1711.695	1902.075	1485.405	31.13	39.14	33.355	37.01	30.605	25.11	21.325	29.215	23.475	19.85	24.715	27.49
"AT5G42860"	4370.62	4739.625	4171.97	4074.47	4113.75	3309.85	8874.76	10523.515	8002.58	7652.535	8387.11	8538.345	1769.145	2141.495	1758.27	3170.24	2963.945	2824.185	1739.06	1869.935	1442.89	2875.985	2445.405	2521.96
"AT5G38560"	242.945	376.28	313.49	366.67	391.37	617.185	697.255	899.695	729.35	555.6	711.29	574.835	326.41	362.585	397.54	280.78	314.36	289.5	310.13	362.49	346.845	254.055	289.58	254.41
"AT5G14310"	597.455	696.13	601.32	872.785	921.515	896.115	991.785	1329.56	1202.66	810.21	1120.81	955.34	519.54	610.505	527.5	547.45	618.13	580.02	526.125	576.4	493.255	618.38	606.44	572.735
"AT4G35380.1-Protein"	176.915	236.525	167	684.79	741.53	875.15	1017.12	1404.86	1100.835	556.655	1222.93	882.685	35.92	46.295	33.135	48	42.845	35.375	35.43	46.415	42.13	34.585	57.875	54.265
"AT1G61100.1"	609.07	851.24	598.93	1301.245	1339.765	1366.065	1827.37	2644.795	1927.805	1315.265	1816.74	1477.21	544.865	662.18	610.05	432.155	533.11	501.425	364.175	512.04	348.535	288.1	509.92	427.01
"AT2G25800"	477.135	559.4	427.22	916.825	1092.35	919.015	1128.57	1685.285	1197.245	830.22	1108.45	970.775	389.62	442.735	352.915	362.81	397.52	372.405	287.025	342.5	284.975	455.425	539.855	515.39
"AT4G03390"	852.725	1276.22	1169.705	1405.69	1581.65	1665.375	1744.16	2599.2	2495.1	1684.695	2268.64	2210.705	1011	1140.97	1058.655	707.925	785.685	791.405	757.485	935.66	746.5	723.375	902.085	933.43
"AT1G26960"	628.295	598.15	454.725	958.475	1562.425	1022.995	1273.805	2186.85	1870.99	1414.63	1712.775	1231.01	427.725	648.385	589.5	736.175	763.905	737.81	407.255	534.325	397.385	456.465	619.895	577.09
"AT3G51460"	1107.98	1135.45	1091.715	1975.225	1843.41	2577.375	2217.88	2786.48	2824.035	1709.945	1987.16	2169.215	1070.985	1082.775	1157.815	1106.11	1115.49	1124.565	727.92	845.745	816.805	1174.33	1214.875	1354.185
"AT2G27860"	5658.695	5433.95	4526.435	10111.65	10441.84	8231.69	12582.305	16018.14	12308.33	9016.265	10512.53	8664.8	5292.525	6780.715	6107.995	6593.02	6141.515	5921.93	5088.515	5595.68	4776.29	5418.725	5399.12	5832.035
"AT5G39320"	6493.115	4323.815	4065.66	12758.005	10177.085	10010.725	22490.36	21980.83	18380.415	16605.79	15012.705	11536.56	3961.43	4869.725	4995.405	7243.795	6505.775	6735.34	3106.365	3601.08	3055.68	5079.115	4480.22	5246.54
"AT1G68100"	568.005	636.245	598.215	561.73	604.505	565.945	1510.18	1602	1317.4	1047.585	1074.315	1087.775	726.015	802.39	778.295	594.42	624.205	662.47	699.97	730.875	804.29	523.385	488.59	481.54
"AT1G78900"	6043.865	5623.075	5992.065	6379.77	5246.78	6382.165	14868.67	15865.88	15542.56	11122.23	10616.385	12271.84	6902.71	7029.18	7112.555	6747.36	6784.075	7062.43	5821.86	5796.065	6131.255	5556.425	5178.775	5766.745
"AT4G30170"	15029.17	17657.89	14076.345	7377.755	11896.675	8719.045	47559.055	51507.42	54379.035	30220.445	39420.105	30928.905	9199.805	14903.395	10375.545	11666.345	16591.4	15270.91	5995.57	9263.86	6447.88	1139.37	1728.86	1671.955
"AT5G24910"	177.28	140.23	127.18	120.635	163.22	164.875	657.05	606.175	580.53	479.565	470.925	483.16	113.09	135.155	123.935	137.29	107.74	132.6	66.7	90.115	68.47	13.47	17.33	12.9
"AT1G75780"	3834.42	3207.405	2447.415	1744.98	1965.84	2346.73	11874.825	15991.025	13526.66	13255.145	13156.93	10288.35	2602.745	3690.39	3315.055	5962.475	5801.82	6709.18	1440.805	1947.93	1425.5	364.495	510.44	592.91
"AT1G04040"	4703.87	2846.895	2386.23	2880.25	2640.22	2039.63	15569.155	17907.04	16513.04	13904.805	14217.195	11529.145	4809.195	5377.625	4744.28	8135.095	7254.195	7618.56	6382.01	4814.15	6554.225	894.97	924.395	1173.085
"AT5G16590"	1677.445	1876.705	1424.495	2066.855	2354.65	2495.425	3781.25	6525.565	4496.785	2577.23	3068.985	2800.765	1749.435	2141.975	2032.285	1364.075	1719.555	1815.87	1066.865	1433.9	1247.675	1829.445	2001.87	2282.045
"AT2G22125"	616.96	1006.615	841.54	897.4	1009.935	915.21	2175.005	2973.09	1777.295	1348.525	1439.205	1252.555	705.61	845.735	759.225	737.1	801.665	757.06	640.575	743.75	627.915	800.5	795.535	721.66
"AT5G16730"	612.97	749.295	566.365	807.23	831.51	842.41	1330.245	2236.175	1527.08	1073.725	1365.065	1020.82	766.515	950.515	876.945	744.275	880.545	773.255	596.82	751.78	471.595	461.87	688.455	622.845
"AT5G06970"	466.31	578.415	516.79	642.245	621.18	760.69	1140.405	1375.445	1143.34	675.95	812.775	874.29	707.44	617.575	756.56	481	552.815	552.48	470.55	550.22	508.62	484.5	566.085	629.97
"AT3G09300"	1497.01	1451.545	1118.655	1928.445	1781.895	2167.04	3255.91	3884.78	3835.22	1805.65	2489.48	2377.985	1374.94	1941.81	1596.365	1015.265	1169.005	1207.095	1158.965	1387.72	1370.855	1426.785	1692.535	1590.135
"AT3G15980.4"	433.03	460.365	434.655	663.14	661.845	698.06	842.52	950.5	792.08	560.17	631.75	530.845	519.8	552.225	568.8	431.385	423.585	437.255	442.43	492.01	489.25	485.505	529.9	559.215
"AT1G14290"	2148.62	2140.165	1881.025	2725.445	2756.85	2813.16	3714.22	5164.95	4837.505	2774.22	3802.46	3728.48	2361.04	2631.49	2594.445	2722.78	2847.085	3074.935	1275.12	1807.82	1469.015	2659.015	2656.39	3068.035
"AT4G12730"	11740.04	12270.345	11193.07	15589.185	14258.655	15724.655	18821.54	23617.755	21164.49	16922.115	17983.785	19549	12518.81	16765.885	13813.55	9936.525	11192.31	11273.17	7143.8	8687.78	8082.84	12076.515	13213.56	12996.97
"AT3G55920"	563.335	503.555	540.79	702.03	770.885	674.805	791.065	931.225	864.91	811.33	788.505	836.845	613.79	676.52	733.02	641.72	589.465	661.035	558.835	593.765	555.43	443.535	512.865	643.855
"AT1G61840"	58.72	58.605	34.41	119.4	139.77	121.625	121.52	224.48	207.45	34.04	65.865	64.33	16.915	12.54	12.215	11.455	15.365	10.375	6.8	10.87	6.95	14.91	17.835	15.975
"AT2G02620"	23.55	23.06	21.195	38.885	53.3	51.775	54.47	74.73	90.845	18.74	35.6	58.745	3.14	2.965	3.945	2.495	3.915	6.045	1.36	2.785	3.27	1.43	4.435	4.525
"AT2G40750"	137.03	123.98	200.25	198.435	165.92	175.295	695.695	753.35	842.135	139.925	197.315	236.33	8.765	8.825	11.18	10.565	5.995	7.745	1.275	3.33	8.215	10.065	15.505	17.27
"AT1G69780"	520.14	472.09	413.015	365.535	496.48	362.1	1083.285	1187.135	1051.92	1023.68	989.445	650.28	337.785	536.295	493.84	808.765	902.805	986.885	146.32	267.81	152.48	230.705	312.86	283.65
"AT1G78260.2"	1348.395	1608.415	1354.98	1300.54	1809.135	2423.82	2049.57	3481.355	3521.815	1993.75	3574.23	3130.075	1471.505	2188.16	1943.88	1732.305	2670.93	2734.36	603.355	1211.68	776.955	1287.965	1809.405	1679.275
"AT3G03250"	3058.555	2411.395	2614.905	1935.805	1414.69	2274.83	4796.86	4715.775	4774.87	3534.965	3364.995	3439.79	2420.34	2247.235	2607.58	3429.135	2844.32	3547.905	2264.5	2145.805	2255.58	3514.675	2879.385	3352.78
"AT5G24710"	527.72	613.11	568.175	627.41	562.38	727.87	928.54	1041.325	869.045	687.35	690.23	542.89	643.745	689.47	749.295	565.205	593.915	636.94	637.09	693.54	658.47	597.41	615.025	651.085
"AT1G15210"	2012.595	2703.28	1954.095	2194.015	1911.385	3020.575	4660.665	6358.015	3961.725	1980.285	3034.465	3168.64	3418.095	3974.41	3936.385	2752.385	3467.72	3207.235	2689.68	3471.39	3028.775	1650.645	1920.105	1731.26
"AT3G05150"	356.055	316.725	283.865	192.945	245.915	244.445	493.15	777.055	869.905	205.06	316.645	343.98	676.79	630.125	565.995	234.74	272.23	396.385	264.17	391.215	304.435	30.735	27.775	38.065
"AT1G64330"	934.095	1061.245	1019.33	855.01	947.255	1010.345	1755.175	2659.655	2194.625	1288.12	1986.785	1811.205	1313.775	1698.705	1725.72	1235.835	1567.6	1469.64	851.045	1225.87	1039.71	934.665	1244.83	1150.085
"AT4G10840.2"	1595.41	2215.67	1760.515	1209.41	1288.125	1472.565	3185.785	4309.115	3959.705	2415.95	3229.99	3165.94	2576.37	2804.01	2511.84	1655.59	2094.27	2146.285	1489.32	1793.42	1808.635	2105.44	2675.685	2199.83
"AT1G14280"	180.02	186.755	110.645	67.735	53.3	83.94	226.075	442.635	385.405	174.86	279.955	206.555	197.58	390.295	333.035	88	166.41	155.3	89.98	190.25	143.935	149.93	240.875	217.96
"AT5G57340"	195.585	258.275	180.47	1093.555	1204.015	1071.685	219.155	295.145	271.255	535.175	885.925	618.505	82.66	131.765	117.305	210.8	158.72	172.935	210.3	247.62	203.48	231.25	290.605	307.97
"AT1G13190"	454.385	465.31	494.88	1047.395	1296.445	948.765	377.96	450.295	588.115	726.27	814.99	721.265	410.9	463.465	532.715	458.965	543.445	509.83	514.82	542.02	515.795	547.235	628.795	548.305
"AT3G17100"	1111.73	1039.25	1009.415	2170.29	2605.9	2078.995	1185.1	1356.325	1527.6	1970.195	1811.415	1847.88	1039.905	1368.41	1427.56	1329.335	1245.5	1239.295	1399.165	1271.065	1155.9	1386.71	1228.11	1391.195
"AT1G16170"	892.32	985.545	1065.36	1785.845	2112.495	1758.935	765.82	789.795	1008.425	1086.415	1228.56	1248.85	705.04	818.91	935.435	1058.495	1338.215	1254.955	780.86	799.495	722.305	725.01	695.095	805.2
"AT4G15160"	14582.675	13593.18	6393.965	95595.065	62552.155	64922.8	53026.965	34797.805	20245.97	46793.69	30155.35	15615.515	619.29	409.545	376.33	582.775	525.665	534.895	524.17	390.56	220.74	304.255	259.67	199.495
"AT1G76240"	2279.765	1414.315	1041.545	19881.415	6977.93	7149.435	4943.21	5518.41	3141.49	2943.135	4526.505	2979.66	1273.145	1782.635	1639.915	1664.63	2276.27	2198.01	1127.7	959.09	780.485	286.385	323.91	257.58
"AT1G27140"	306	157.135	110.97	571.99	502.4	388.33	114.935	122.745	115.92	91.23	61.735	45.395	52.49	35.77	43.695	76.915	76.53	76.64	52.43	35.11	20.835	39.65	51.985	43.725
"AT2G37330"	201.955	160.275	180.345	1025.115	667.155	637.305	188.915	205.17	184.05	198.22	212.475	289.165	20.795	36.215	44.345	94.54	71.715	82.475	23.45	31.45	30.195	125.66	142.09	165.97
"AT2G17550"	344.865	429.505	269.52	883.49	882.81	959.78	674.025	928.285	829.255	489.155	671.255	562.7	230.45	301.105	275.655	234.005	337.425	302.245	112.245	184.485	142.925	451.275	551.57	617.06
"AT1G03520"	218.46	235.395	206.425	451.86	456.19	520.04	370.69	486.68	484.29	322.275	413.9	365.8	126.125	173.115	149.935	145.515	158.15	152.935	100.09	127.99	135.365	273.12	310.34	275.21
"AT5G08130.1"	773.62	955.35	691.065	1047.195	1416.015	1253.655	1204.125	1448.015	1193.21	1055.81	1118.97	899.21	603.375	592.575	594.37	613.295	659.745	736.735	560.11	548.05	413.375	724.98	829.735	846.18
"AT1G67230"	1162.07	1299.825	1343.665	2133.975	2662.725	2548.54	1477.13	2473.115	1829.185	1044.22	1551.8	1263.06	1193.625	1363.66	1428.89	888.065	997.41	930.545	835.57	1079.065	653.395	1374.925	1912.45	2067.36
"AT5G43030"	244.335	241.26	185.22	1183.115	1415.705	1141.67	597.16	845.99	758.375	575.59	627.135	713.585	67.05	71.825	58.435	71.625	112.065	105.01	30.505	47.255	42.305	39.09	36.965	41.75
"AT2G02630"	224.925	215.445	156.025	895.57	860.355	877.545	601.03	520.765	560.845	300.92	514.465	500.14	20.705	17.135	17.6	21.82	18.695	17.685	9.52	17.225	22.325	23.255	23.49	24.835
"AT1G17060"	995.13	1166.74	926.975	5225.565	6115.985	7031.645	3221.28	4771.89	3988.235	2183.88	3707.65	3054.375	290.265	376.285	344.84	233.155	320.025	272.79	224.575	287.66	345.235	63.29	114.87	100.41
"AT2G45400"	1972.65	2359.925	2782.95	9810.835	11054.41	13051.19	3832.765	5222.36	5587.245	5249.68	7523.3	7996.865	155.29	137.365	163.495	195.695	196.23	220.9	134.76	138.97	155.395	127.695	160.525	189.965
"AT4G19030"	10549.635	9628.18	8042.075	61502.47	60986.33	93150.735	52580.89	52079.015	35959.39	45637.3	34580.925	20481.335	517.01	435.94	384.565	636.615	629.69	566.11	332.655	301.51	180.62	428.135	405.2	327.205
"AT1G33240"	1821.29	2079.09	1506.41	4522.615	4977.06	5735.25	3112.525	4536.43	3586.405	2620.71	4398.355	2977.84	1335.75	1760.685	1707.04	1635.42	1996.41	1885.26	919.95	1391.285	792.67	1582.1	2087.255	1911.105
"AT1G32090"	593.025	696.935	570.35	1999.28	2593.59	3348.655	1470.27	2162.625	1747.025	1233.84	1626.855	1374.625	707.045	826.64	925.09	582.41	701.605	706.245	516.605	637.45	584.61	698.63	896.815	812.65
"AT5G52280"	550.97	668.28	668.43	1643.81	1905.125	1981.215	894.825	1738.605	1338.59	704.605	1015.025	822.15	576.52	641.83	651.02	555.21	536.195	612.565	434.355	481.235	311.515	401.92	615.25	720.165
"AT1G22330"	959.535	1049.83	983.245	2617.705	2944.63	3278.43	1271.52	1714.58	1760.205	1007.51	1990.525	1731.085	635.37	714.165	732.215	545.985	695.81	739.205	286.935	457.87	329.17	812.915	1034.87	1098.705
"AT1G09250"	1258.86	1321.065	1402.535	5605.235	5303.87	4251.75	2054.005	2497.185	2732.525	2434.265	2822.705	2414.565	989.63	1266.27	1317.985	1365.405	1578.68	1623.35	911.54	1207.435	1062.685	871.83	852.46	889.775
"AT1G08500"	3254.095	3510.6	3558.26	23301.055	27560.755	26704.01	7514.68	10757.885	13308.285	9395.3	12338.285	10995.66	1771.225	2239.26	2731.025	2415.69	3015.98	3593.675	905.16	1359.35	1092.49	1279.495	1702.475	2310.99
"AT5G53250"	10333.65	11477.77	11633.73	49520.725	47895.685	35695.01	13200.555	18896.13	18076.89	13717.035	26804.68	26273.055	4684.41	7371.99	8819.495	4915.075	8302.66	8094.59	2536.825	4751.995	3449.755	11092.605	12372.635	12014.38
"AT5G41080"	1104.58	1755.4	1628.14	3329.67	4361.305	8196.825	2547.405	3984.28	4945.02	2134.905	3551.66	3015.67	614.19	954.79	1354.98	591.42	613.575	970.5	490	942.345	738.835	668.98	1142.5	1376.98
"AT4G20870"	2523.22	2428.285	2449.65	9362.08	9058.2	10428.57	3564.895	4862.04	4583.22	3235.37	3438.645	3579.54	2295.785	2743.825	2816.155	2243.76	2168	2440.585	1747.28	1919.885	1883.805	2949	2899.9	3336.16
"AT3G12710"	882.065	1214.05	916.45	3657.845	6234.125	5880.455	1133.665	1702.445	1525.745	1139.91	1677.195	1264.94	268.03	318.22	276.275	621.19	590.55	599.985	185.655	206.735	143.32	1410.27	1474.56	1470.565
"AT4G39050"	834.955	962.03	847.61	1995.655	2137.555	2267.4	914.485	1267.955	1084.785	875.885	1136.06	1012.535	1180.815	1211.56	1165.93	993.15	968.975	1039.38	951.725	922.195	840.91	764.805	998.345	1126.7
"AT1G66150"	1471	1513.535	1219.485	4780.88	5439.86	5157.91	2168.41	3404.01	2668.275	1855.885	2354.805	2356.01	2036.3	2387.965	2564.86	1933.51	2276.825	2093.795	1555.08	1573.67	1384.79	1637.915	1943.555	1725.04
"AT5G48900"	597.06	878.935	830.655	4279.9	6071.47	6391.34	1637.56	3286.4	4444.485	3274.575	5362.49	6649.275	206.385	215.59	216.48	433.13	359.31	452.175	77.745	136.91	91.67	287.645	309.585	403.655
"AT3G51660"	471.79	740.905	603.375	2512.34	3982.43	3318.715	1140.215	1699.56	2018.54	2282.275	4025.475	2815.655	31.955	29.445	44.465	69.7	90.21	63.9	36.54	57.815	49.325	38.37	44.595	35.12
"AT5G48560"	767.305	1106.685	840.635	2255.915	2861.165	3271.895	1662.085	2367.77	2046.275	2080.085	2485.9	2461.405	530.005	754.11	654.225	695.12	717.585	674.45	743.47	988.365	645.575	344.27	393.47	349.72
"AT5G67390.2"	610.645	991.53	710.81	1884.155	3193.77	2731.78	923.58	1908.91	1679.83	1736.34	2560.485	1820.7	346.81	499.42	649.915	286.78	477.45	423.715	424.255	536.615	415.94	1024.635	1133.395	1080.16
"AT3G05890"	24924.495	24876.92	22141.915	65314.23	74080.495	58181.58	37333.94	28974.78	39824.125	54065.21	50025.675	61195.005	19769.59	16986.365	23948.83	19041.535	21913.86	21148.235	16198.655	13921.86	11241.7	21811.795	18759.505	23944.245
"AT3G21680"	608.53	963.94	631.27	2006.88	3417.05	2539.875	1483.315	2495.43	2411.335	1892.28	3510.53	2095.525	63.87	108.18	115.405	391.4	727.445	556.745	35.005	63.82	40.01	41.29	59.915	54.875
"AT2G17300"	740.38	1047.905	747.83	2146.775	2619.825	2047.32	1116.705	2285.21	1733.75	1444.065	2803.975	2056.505	514.74	839.605	712.65	861.57	1254.94	1108.54	254.23	460.865	297.105	608.16	613.58	515.3
"AT4G35320"	1945.83	2510.175	2065.79	4481.63	4783.37	3751.605	2325.51	3474.115	2443.13	3120.87	4300.73	3333.6	1145.14	1712.66	1592.18	1460.39	1989.655	1723.165	723.51	1192	832.25	1587.255	1583.28	1266.005
"AT5G15350"	12907.84	12927.455	13470.28	31771.265	33087.215	24649.255	22694.435	30603.13	27386.215	26842.41	33387.7	30863.51	15318.165	16266.27	18917.51	15544.295	15959.645	18038.56	10302.97	12016.21	10190.265	13832.015	14648.155	14627.685
"AT3G07470"	1990.6	1855.055	2324.165	6894.88	7656.545	7071.5	5083.28	6785.89	5943.35	5661.555	7579.87	7880.42	2027.05	2411.325	2765.655	2447.435	3157.92	3021.96	1375.215	1602.435	1867.325	975.01	1080.17	1132.51
"AT3G48570"	978.835	908.3	987.2	2973.005	3179.62	2150.935	1671.215	1845.81	1777.02	2466.38	3355.06	2317.49	482.7	757.44	764.045	952.195	1118.14	947.67	982.06	1095.86	944.425	353.57	328.57	333.16
"AT4G25250"	2707.195	2944.565	2513.85	12846.435	17693.31	14527.68	10573.24	20160.75	14217.875	9024.235	17012.58	12349.735	140.6	198.2	201.25	98.855	175.195	147.945	63.895	137.96	83.945	127.41	199.905	217.795
"AT3G28180"	1054.01	1495.85	1111.06	2787.835	4034.44	4360.5	2721.035	5886.175	3945.805	3298.67	5304.93	3909.875	650.455	930.965	672.165	836.76	973.655	898.105	424.165	759.965	548.22	657.315	941.915	788.855
"AT4G38400"	657.425	668.655	582.31	4858.79	3679.35	4286.685	1684.565	4584.015	3897.57	3161.02	4943.705	4053.795	39.105	83.94	86.115	157.75	89.585	114.125	55.145	87.44	169.765	249.535	473.17	593.525
"AT2G02680"	396.185	483.345	412.585	1199.935	1326.25	1412.49	1245.905	1218.77	995.35	977.375	1790.66	1406.145	129.305	118.73	121.775	209.7	251.805	232.47	74.435	180.35	98.91	196.605	259.135	226.22
"AT2G46140"	2276.46	2022.485	2175.025	8710.52	7332.605	6199.98	5413.655	5898.8	6100.135	6771.49	6777.295	5811.285	137.635	146.335	168.74	234.075	222.005	220.415	162.29	164.37	148.01	464.965	452.05	583.79
"AT2G18980"	9027.285	5975.18	5922.06	29441.755	26826.02	25454.725	24914.18	32265.63	34595.18	23899.39	25635.86	22006.34	549.14	439.37	582.815	723.02	719.07	733.035	286.43	297.595	238.915	430.71	478.185	608.47
"AT5G07110"	3263.9	3685.445	3247.375	12153.405	10166.8	7957.695	7484.93	11598.09	7409.775	5574.47	8437.72	7625.395	1560.225	2447.535	2073.625	2141.75	2304.115	2009.41	1022.845	1671.56	1184.235	2944.275	3322.245	2948.32
"AT4G23070"	182.085	227.165	179.4	792.865	618.835	754.695	405.73	763.015	633.455	232.91	516.39	453.67	88.455	117.95	137.865	58.975	83.08	82.085	54.72	99.385	105.845	8.3	13.5	18.63
"AT5G47550"	415.17	498.25	627.215	2255.17	2706.07	1760.01	1574.785	1774.27	1697.315	2934.11	3290.42	3410.495	147.925	228.1	227.79	203.685	260.565	236.46	195.68	227.275	252.205	32.275	42.53	41.845
"AT5G46230"	1154.265	1110.39	1361.13	4149.165	5096	2772.675	3335.775	4051.455	3147.52	4233.37	5695.37	4858.26	314.55	486.22	487.155	853.695	855.97	712.295	387.285	550.865	367.865	270.02	314.52	323.325
"AT3G08030"	4834.07	2927.44	3553.36	15317.205	15340.16	11834.85	17517.465	12625.095	14829.655	23484.73	23017.96	25881.705	1619.905	1489.115	1492.135	4100.425	3183.705	3523.785	1437.15	1327.215	1558.82	4284.19	4054.57	4034.265
"AT5G47540"	656.755	773.84	629.02	1545.57	1243.755	1765.58	1446.095	1761.71	1750.545	2039.66	2322.88	1922.275	453.055	699.71	570.535	569.985	674.215	642.075	560.03	656.475	616.39	203.66	243.665	224.635
"AT4G30410.1"	475.25	498.655	446.015	987.83	1285.47	1240.63	880.43	1067.755	972.225	1203.87	1707.23	1485.385	361.935	416.045	462.625	660.745	722.78	770.065	193.135	278.94	214.275	500.975	672.28	676.735
"AT2G47270"	1538.785	1908.135	1697.015	5311.235	9904.38	6388.025	1457.315	2347.87	4281.135	8653.115	9972.02	7313.755	532.44	503.755	509.96	2314.965	2230.055	2376.675	563.5	629.34	476.01	2146.435	2298.385	2533.19
"AT4G29960"	1205.08	1236.57	1421.445	1957.07	2312.545	1974.855	1599.295	2009.26	2161.92	1698.42	2315.19	2155.495	1588.215	1713.43	1901.345	1651.45	1715.97	1746.63	1549.39	1577.635	1763.23	1398.44	1455.11	1562.39
"AT4G14750"	620.97	763.57	517.89	2135.5	3006.12	2160.675	1325.095	2115.945	2039.63	1847.605	2333.72	1744.835	761.275	1225.33	1158.99	1312.565	1503.55	1412.285	851.035	1054.19	925.165	84.29	129.605	116.87
"AT4G25260"	1994.325	1891.98	1863.58	2808.845	5306.22	3661.175	3565.73	6007.04	5810.095	4330.525	7846.72	7522.61	2072.865	2300.36	2329.135	4967.035	4987.395	4778.16	1891.495	2293.63	1795.855	148.835	179.285	249.175
"AT2G26360"	173.365	248.49	198.015	309.16	319.51	402.915	216.11	331	468.185	295.935	369.925	392.24	245.36	286.59	240.585	178.415	229.765	204.33	240.885	267.59	257.64	150.375	166.325	161.825
"AT4G00150"	371.715	490.245	302.09	532.535	541.85	945.475	490.775	545.475	537.8	516.135	668.675	602.42	318.69	336.555	252.685	614.165	688.86	578.74	382.95	389.33	239.19	292.315	275.69	268.645
"AT5G49360"	308.005	756.505	458.56	220.41	561.085	621.06	66.485	497.25	1365.35	170.135	446.29	564.82	190.735	273.195	257.115	244.87	305.44	325.81	62.535	102.985	77.9	117.35	352.54	299.68
"AT3G53520.4"	1451.12	1458.835	1439.575	2193.99	1889.955	2072.235	1721.445	2073.885	2206.295	2110.935	1915.24	2108.07	2033.815	2006.025	2157.62	1689.865	1710.435	1858.72	1625.945	1695.005	1777.75	1810.73	1823.385	1969.545
"AT1G17360"	317.015	373.105	304.99	531.84	425.265	607.005	472.255	703.875	452.02	377.28	525.52	409.82	488.15	566.495	571.065	347.73	403.405	399.865	389.5	485.105	413.29	314.275	425.115	479.24
"AT5G39760"	118.46	197.185	220.215	25.915	35.99	77.155	163.005	108.76	104.735	153.365	200.83	186.65	17.22	30.545	22.39	41.915	55.495	53.93	25.575	41.2	28.09	186.875	180.675	181.725
"AT4G33440"	359.235	510.7	412.86	87.05	129.115	179.59	420.17	645.77	503.855	511.475	728.455	635.99	87.585	132.52	107.175	76.69	82.505	89.99	116.32	121.06	124.5	739.14	632.85	585.055
"AT3G49220"	526.37	543.94	575.645	500.435	526.7	420.71	305.645	417.67	288.045	375.76	514.075	477.735	59.075	59.025	50.065	87.27	84.13	102.58	43.25	42.8	40.99	485.83	530.195	527.72
"AT5G01320"	2.695	3.645	3.03	4.515	0	1.88	1.075	3.445	4.905	1.76	4.525	1.945	0.61	0.445	0.77	0	0.46	0	0	0	0	3.965	2.19	0.42
"AT2G03480"	506.935	524.43	386.99	514.54	493.31	575.5	491.205	696.995	535.55	396.85	464.89	328.725	375.235	487.11	463.325	348.785	415.11	397.23	311.835	389.81	278.52	777.66	815.085	778.285
"AT3G06070"	412.37	424.21	256.265	270.685	438.94	352.47	298.445	679.305	688.44	257.095	683.81	422.975	130.485	216.55	183.965	240.815	305.535	211.34	72.815	164.155	96.155	632.965	717.7	623.625
"AT1G65010.1-Protein"	376.225	416.715	250.695	481.18	593.165	497.015	611.955	932.51	700.465	434.99	516.385	397.45	355.835	393.34	302.535	328.67	322.25	308.695	258.645	303.29	243.875	523.18	624.1	587.9
"AT2G41740"	1308.905	1371.23	1380.865	1793.76	1550.165	1946.32	2797.63	3175.855	2647.26	1753.69	2118.725	2087.755	1274.585	1308.59	1387.14	1120.665	1236.23	1164.725	937.625	1075.96	899.495	1980.505	2050.855	2106.05
"AT4G27430.1"	1139.67	1693.315	1732.86	1160.255	1744.37	1905.555	2039.68	2792.235	2525.08	2111.385	2215.095	2287.62	1255.49	1294.42	1396.45	1151.66	1348.295	1402.615	851.045	973.41	823.675	1908.585	2225.425	2179.835
"AT1G09750"	123.77	85.13	90.44	48.545	33.34	89.685	17.71	20.76	30.735	26.67	32.035	41.15	15.78	10.78	15.125	15.8	13.04	19.325	9.6	13.28	12.21	12.26	8.46	17.85
"AT4G27480.1-Protein"	39.365	39.935	26.7	44.095	43.98	63.92	23.23	30.485	23.7	13.47	11.725	14.81	13.21	6.59	6.42	7.69	11.37	12.85	11.73	8.92	7.385	7.48	10.795	8.765
"AT3G52920.1"	3665.24	2861.68	2701.125	1807.39	2209.79	1823.355	190.65	291.05	343.195	923.635	735.325	985.655	3989.46	5841.525	6514.24	3758.33	4718.82	4315.235	2264.645	3630.195	2362.62	7512.05	8340.395	8846.13
"AT4G20170"	234.35	350.785	284.09	129.82	167.225	223.74	63.2	168.025	111.89	120.1	166.08	166.855	400.695	542.8	430.085	326.36	450.98	409.915	293.735	378.83	313.035	446.21	566.11	495.38
"AT1G62480"	38932.02	37053.67	39543.305	10134.13	16811.335	15946.93	5887.785	13116.655	23360.805	16915.815	25500.795	36076.855	39527.785	51987.125	67556.125	60814.395	72016.17	95303.195	31084.55	36739.075	37699.525	91147.355	101681.395	109653.225
"AT3G05910"	2718.67	2239.825	2559.935	1286.17	1232.79	1387.145	2081.21	2684.415	2928.145	2411.805	2506.27	3056.53	3780.625	4031.42	3709.405	3579.64	3389.81	3546.525	3679.635	3662.7	3346.58	4775.665	4856.84	5771.935
"AT3G16570"	845.625	493.415	677.215	589.13	441.63	280.905	609.555	138.365	175.015	424.205	153.9	189.14	873.625	526.63	676.225	730.66	574.805	632.625	888.93	568.01	578.23	1210.175	1064.78	1326.63
"AT3G24715"	48.735	86.92	77.855	24.995	50.59	75.63	61.755	108.56	69.78	24.85	49.055	60.075	87.59	110.42	103.88	46.855	51.775	77.42	74.855	65.29	45.4	91.44	154.13	145.98
"AT5G44670"	300.545	449.725	307.625	306.92	327.485	483.905	159.59	329.855	195.02	150.215	251.695	208.855	448.52	568.095	498.785	281.31	421.365	390.69	218.965	313.99	260.54	479.635	574.88	549.015
"AT2G31085"	655.955	500.515	855.195	327.88	366.435	418.02	27.075	25.35	58.5	56.02	48.845	52.805	31.3	20.475	44.44	77.32	63.045	57.785	21.33	19.29	26.875	754.94	547.565	1043.44
"AT4G21310"	565.17	446.985	484.765	211.065	217.805	199.635	45.55	41.885	45.475	51.16	63.405	55.955	32.74	36.645	45.98	57.835	56.735	56.09	49.365	55.315	47.29	797.06	697.615	733.395
"AT2G31940.1-Protein"	202.71	184.43	216.09	92.7	143.875	129.91	13.97	21.515	31.405	35.29	31.095	38.105	60.075	61.305	76.035	100.84	108.725	104.11	86.67	103.82	80.565	197.935	179.355	286.62
"AT4G20210"	84.615	90.31	74.54	67.77	73.265	60.255	18.785	25.88	18.84	15.39	9.76	16.505	42.99	53.235	56.775	35.52	34.345	30.19	36.625	29.74	35.305	276.65	299.475	336.955
"AT1G12080.1"	19053.595	19513.65	21904.425	4588.23	7609.115	6578.545	813.12	1235.7	1316.13	556.81	920.565	904.105	583.15	695.83	1128.665	664.54	822.865	731.785	401.9	500.69	484.38	53606.885	69937.925	82111.685
"AT1G52190"	290.3	195.46	158.555	51.32	57.245	64.47	15.43	11.79	15.73	18.65	12.41	12.5	17.7	11.225	16.255	9.09	18.07	14.13	16.4	16.925	11.92	991.65	756.3	777.26
"AT2G32280"	1804.64	1693.32	2335.425	735.24	946.605	799.9	135.4	169.55	184.84	342.09	297.835	491.25	972.89	485.315	632.73	707.375	633.435	819.16	618.15	572.635	642.43	5950.465	5210.755	5673.375
"AT5G35670"	126.62	98.88	87.235	170.88	141.24	188.375	22.215	21.515	25.53	14.055	14.85	9.585	12.47	18.005	17.485	15.8	8.91	12.505	10.03	19.045	10.215	327.485	440.07	501.62
"AT5G47370"	1289.83	924.87	1052.78	3938.21	2008.395	1704.335	568.94	301.555	395.025	928.705	735.57	686.95	790.79	895.34	922.47	879.135	671.685	792.815	633.865	687.795	645.99	2421.24	2907.665	2655.41
"AT1G64460"	234.765	329.985	331.25	378.535	411.38	511.205	176.71	179.405	206.74	208.865	280.19	280.445	184.105	159.18	176.265	197.45	203.565	203.86	191.855	167.855	210.91	437.33	422.345	397.905
"AT3G24040"	799.305	736.01	810	1368.265	1556.735	1649.465	799.28	813.88	950.455	679.025	649.99	830.845	1043.61	1032.31	1195.71	1076.12	1063.965	1222.565	927.94	727.29	1097.38	1368.785	1241.345	1377.375
"AT4G37250"	559.28	632.94	721.045	1463.15	1893.985	1975.7	99.315	140.095	106.095	110.505	118.11	127.615	502.36	753.47	710.83	265.685	415.89	389.525	314.125	447.475	400.225	1270.91	1300.99	1563.91
