"X35S_0"	"X35S_3h"	"X35S_8h"	"BRN_0"	"BRN_3h"	"BRN_8h"	"GL2_0"	"GL2_3h"	"GL2_8h"	"GL2GL2_0"	"GL2GL2_3h"	"GL2GL2_8h"	"SCR_0"	"SCR_3h"	"SCR_8h"	"SCRSCR_0"	"SCRSCR_3h"	"SCRSCR_8h"	"SCRGL2_0"	"SCRGL2_3h"	"SCRGL2_8h"	"SHR_0"	"SHR_3h"	"SHR_8h"
"AT5G58140"	13.9	37.845	25.675	22.28	20.63	35.165	23.645	17.31	14.55	21.405	16.81	19.545	20.75	23.89	21.235	15.51	23.325	18.545	21.925	32.305	17.965	15.455	20.935	14.325
"AT3G27990"	40.99	116.42	74.99	57.635	82.59	157.585	56.415	49.91	53.875	78.62	71.955	79.725	85.185	79.26	77.6	62.855	62.13	71.22	94.91	95.795	90.52	63.01	56.94	59.54
"AT5G65685"	131.645	242.945	196.725	187.23	177.68	250.79	87.835	95.2	99.86	116.9	149.065	129.48	148.095	153.11	118.215	134.4	150.16	139.19	211.74	228.925	173.535	163.44	190.22	144.27
"AT2G19250"	5.745	24.83	11.215	20.14	11.325	33.655	5.575	7.43	6.045	9.705	6.36	2.67	14.345	15.555	8.99	8.795	14.825	11.395	21.495	29.08	16.19	12.38	12.31	7.855
"AT1G62860"	20.78	50.805	28.395	36.175	9.3	53.205	23.26	19.06	15.78	31.79	26.115	24.39	28.03	33.795	19.525	21.45	30.275	22.04	43.59	44.73	29.85	40.79	27.89	31.69
"AT3G44205.1"	18.375	40.215	33.69	24.65	34.635	41.995	21.98	24.35	37.145	19.575	30.14	20.62	32.175	31.7	24.285	21.235	29.065	27.565	33.65	36.82	27.69	14.515	18.655	20.765
"AT3G03360"	39.155	88.64	58.465	55.49	52.6	133.775	38.28	48.625	40.06	50.18	63.78	54.475	108.47	83.755	99.095	71.44	94.225	69.59	131.955	158.89	131.1	40.69	51.8	41.525
"AT1G64270.1"	3.12	20.61	12.655	8.585	6	11.3	7.835	4.285	5.465	4.685	3.815	2.79	13.125	18.685	9.545	4.665	9.54	7.06	15.21	21.435	18.4	5.935	7.81	5.855
"AT3G15354"	102.635	198.325	118.82	113.28	172.96	198.335	96.845	102.15	105.69	124.6	119.715	129.735	143.915	183.71	182.245	128.62	137.205	129.55	177.07	182.915	148.69	124.795	145.56	125.84
"AT1G62250"	48.73	92.32	69.225	61.355	75.26	80.11	27.12	33.315	33.74	54.19	60.8	38.475	78.605	82.935	85.32	66.63	72.38	60.74	88.455	84.09	97.12	54.8	70.305	64.13
"AT5G57590"	34.76	77.03	69.55	51.225	26.645	73.155	38.205	27.64	38.815	29.095	19.335	29.605	134.32	103.665	104.48	86.92	68.93	79.98	126.43	113.04	110.76	83.78	73.34	73.675
"AT1G77800"	177.685	269.22	235.835	171.48	163.135	257.715	168.985	186.085	220.99	199.585	237.91	197.21	261.665	252.115	226.085	192.565	205.635	193.07	260.17	276.27	217.805	240.11	241.985	232.775
"AT1G27750"	146.485	238.885	164.41	169.78	195	240.745	215.77	186.48	198.68	146.66	210.65	206.8	259.835	267.625	246.81	191.805	204.275	191.845	266.37	260.315	226.79	246.795	244.985	249.04
"AT4G06598"	67.66	124.335	110.205	105.545	97.865	150.06	85.505	82.915	114.67	121.34	154.55	148.065	137.155	143.06	139.64	102.08	121.85	132.815	130.34	141.05	143.26	108.485	113.315	111.67
"AT3G07520"	3.83	16.23	13.765	11.46	7.97	22.355	11.055	10.185	7.855	13.13	17.81	12.75	15.695	11.04	10.7	10.39	17.53	11.995	20.815	16.68	15.565	9.02	14.605	9.54
"AT1G75100"	5.815	21.405	11.085	6.72	6.005	12.515	12.72	7.43	6.715	10.88	10.74	11.89	13.69	10.825	9.715	4.665	12.155	7.83	16.395	10.735	8.165	5.225	5.62	5.985
"AT5G04140"	11.49	43.685	31.55	11.96	9.32	10.46	9.395	7.35	7.19	22.24	22.175	19.055	21.8	20.33	38.38	8.635	21.12	18.705	33.05	41.115	30.72	7.48	6.785	6.5
"AT5G03120"	1.28	9.965	5.79	1.2	0.665	1.215	4.58	5.975	6.115	7.78	3.4	4.73	11.335	12.4	33.765	9.285	8.62	12.165	26	18.805	42.305	0.495	0.385	0.42
"AT5G15730"	583.025	918.37	789.82	446.87	598.485	571.38	638.165	860.045	897.885	762.575	1359.495	1028.855	948.22	1156.635	1088.245	679.955	923.615	802.765	986.56	1226.115	1288.915	647.5	789.82	753.62
"AT1G58110.1"	1000.045	1602.99	1510.475	544.995	880.605	858.33	873.655	1158.145	1270.97	1178.97	1781.055	1738.63	1594.975	1787.195	1761.955	1449.85	1616.62	1659.505	1719.24	2735.815	2270.58	1259.765	1568.2	1416.34
"AT1G20880"	227.835	367.93	305.98	205.725	310.93	301.82	309.225	322.485	511.205	429.205	418.355	415.98	432.825	411.93	477.7	275.49	357.94	355.17	421.44	504.515	535.725	250.145	291.7	273.98
"AT3G28030"	44.83	77.07	60.115	86.96	101.23	84.32	68.225	77.12	78.98	68.15	77.02	64.2	118.715	150.85	172.345	106.165	113.295	109.51	114.625	148.66	132.72	51.195	50.66	58.925
"AT1G79700"	89.725	167.7	160.465	338.29	502.77	402.355	35.67	41.125	84.435	107.48	92.725	126.2	626.435	638.29	624.035	537.245	509.615	399.48	559.165	556.57	607.55	138.24	173.84	193.195
"AT5G56100"	12.695	79.855	33.425	24.935	117.185	24.38	8.67	16.16	37.635	33.285	90.995	49.855	124.775	137.65	111.165	64.98	115.435	75.14	80.285	102.25	83.065	5.61	16.96	9.99
"AT2G46830.1"	127.62	259.75	132.92	114.73	154.39	156.99	100.155	136.365	105.25	212.19	201.905	147.175	348.555	494.99	435.675	243.81	270.835	219.485	427.475	472.66	318.065	82.3	175.655	99.115
"AT1G01060.3"	353.245	610.155	373.555	227.85	286.645	300.155	214.195	247.19	248.335	512.965	505.365	372.97	755.83	1099.51	955.825	577.84	793.05	637.465	842.8	1070.47	903.43	264.27	372.38	283.9
"AT2G31751"	23.975	47.94	46.82	20.61	27.285	34.465	32.86	35	32.155	41.8	42.255	41.255	73.55	100.795	80.005	59.96	86.245	72.29	70.27	81.195	67.6	32.49	44.48	44.565
"AT5G44700"	16.245	35.145	27.44	11.96	14.64	22.76	28.87	57.675	47.265	99.53	218.615	173.63	198.67	243.48	280.965	163.04	259	204.605	202.39	277.565	299.545	8.085	8.645	8.475
"AT4G38620"	1607.66	2592.56	2484.67	1120.66	1682.96	1863.435	1693.975	2796.045	2313.4	2883.68	4675.91	4505.92	6005.325	8126.32	6698.64	5623.94	8566.695	5879.07	7709.88	9492.125	8608.64	1094.735	1229.3	1173.45
"AT5G42030"	567.085	911.23	885.56	211.06	236.985	242.15	67.015	107.205	181.995	734.13	577.83	823.595	790.4	1043.495	1208.3	1081.13	1443.625	1253.135	1373.085	1488.09	1630.195	572.96	756.885	640.26
"AT5G02810"	47.025	111.52	73.34	41.03	69.215	83.32	64.76	79.58	57.565	63.9	83.28	59.695	94.65	110.33	95.01	82.99	103.975	73.23	91.425	98.905	91.965	48.64	63.38	44.5
"AT5G21326"	324.71	501.965	382.405	153.555	215.66	196.19	445.14	547.89	429.395	500.825	422.065	414.515	681.545	669.54	667.95	547.445	620.385	578.975	542.525	577.29	557.535	286.09	350.51	316.565
"AT1G64590"	143.84	487.345	304.915	160.775	205.795	104.875	376.825	638.165	326.31	1427.71	546.62	693.73	2319.67	2567.005	1586.35	515.815	977.485	548.165	1694.33	1070.855	1287.735	28.58	105.505	51.835
"AT5G27410"	125.25	216.255	120.62	64.83	104.58	95.25	115.61	170.305	196.52	131.065	163.655	196.6	265.675	318.46	159.07	209.6	281.315	242.005	234.6	259.815	247.61	134.84	223.91	126.485
"AT4G17730"	1056.03	1739.015	1466.965	908.16	1036.115	993.135	1342.855	1502.275	1345.475	1781.525	1883.295	1799.605	1924.17	2657.89	2010.965	1726.705	2161.43	1744.62	1977.795	2293.295	1844.85	1597.605	2288.085	1388.79
"AT2G43150.1-Protein"	384.55	2098.47	278.74	377.46	561.105	587.2	1294.34	1220.265	743.64	818.815	1233	1067.78	1960.865	1877.915	714.5	571.175	670.545	510.3	2971.71	3484.91	556.37	54.305	90.875	101.97
"AT2G25140"	176.565	317.595	258.29	118.045	187.6	157.945	363.885	336.775	250.4	303.88	306.65	321.295	402.92	464.42	330.52	226.44	303.215	240.165	503.78	554.77	351.435	221.55	207.805	216.35
"AT4G19112.1-Protein"	38.375	120.915	102.98	47.22	40.62	45.78	77.97	94.955	86.515	66.575	67.28	61.885	129.13	101.595	76.995	104.61	114.25	105.405	142.66	159.025	101.26	73.235	81.54	88.64
"AT5G52900"	35.25	71.25	61.85	39.925	66.65	73.555	8.11	14.705	40.93	42.985	119.8	181.285	89.46	148.94	155.78	273.785	355.53	317.825	88.45	153.76	124.52	91.435	129.575	127.385
"AT5G24580.1"	295.285	556.84	504.07	219.02	357.725	658.715	55.635	124.28	157.035	307.055	699.845	938.725	865.47	1429.185	1498.145	1780.455	2315.95	2325.195	834.045	1348.04	906.465	309.3	645.86	656.26
"AT4G20320"	235.345	422.105	330.615	148.6	401.675	535.235	106.925	500.205	268.38	238.14	353.355	316.465	688.52	804.625	793.21	1747.67	2288.22	1852.22	663.765	812.095	733.515	379.055	297.515	317.385
"AT4G39700"	57.305	113.995	115.525	18.465	40.62	40.36	3.125	5.055	4.815	26.855	138.715	229.995	135.67	176.945	181.2	326.55	335.055	249.8	121.08	190.05	165.665	33.705	49.825	53.685
"AT3G22540"	196.21	342.035	374.745	59.465	173.295	100.995	146.515	309.625	361.615	759.135	984.875	1314.19	490.195	858.065	993.315	1454.225	1909.07	1347.445	811.35	1069	931.975	81.39	74.91	145.265
"AT5G09430"	35.89	67.9	70.765	16.475	45.99	65.865	22.05	48.775	58.095	73.43	72.165	100.71	125.385	195.235	238.43	139.31	236.5	235.215	102.3	160.01	172.025	36.23	38.775	46.405
"AT1G70700"	67.95	176.51	111.88	34.47	56.595	47.32	24.245	31.02	68.165	102.46	85.825	119.875	267.155	285.225	292.925	360.725	493.37	399.875	278.185	382.915	272.76	74.475	102.675	79.04
"AT3G15840"	2.265	21.32	11.995	3.725	1.335	0.405	0	1.76	1.23	1.255	0.565	3.16	13.035	10.615	8.345	11.335	26.935	14.715	13.34	9.6	11.535	0.44	0.75	0
"AT5G16540"	101.275	166.24	119.84	108.23	104.54	198.26	70.77	56.205	60.555	164.175	121.95	114.425	107.295	157.345	150.415	162.585	194.315	190.15	185.315	178.595	173.205	67.635	59.02	62.895
"AT1G58590.2"	35.19	70.42	42.045	44.63	101.935	53.735	12.13	11.725	13.99	24.18	29.7	35.67	46.995	74.105	64.42	126.58	141.495	105.75	110.12	155.49	93.335	11.655	14.17	11.515
"AT5G41370"	75.895	161.915	96.105	101.915	111.76	120.135	103.91	131.125	121.965	92.85	87.93	90.395	118.32	147.465	126.265	95.875	128.02	83.725	104.17	152.805	110.835	88.86	150.43	116.525
"AT2G05540"	10.355	119.54	46.16	17.17	24.61	8.66	32.42	38.385	48.005	94.005	52.225	72.485	185.065	324.59	107.39	36.33	142.185	20.085	69.585	55.585	26.695	38.97	154.155	100.57
"AT3G23250"	1.635	29.785	46.12	1.325	3.33	4.31	15.045	9.035	1.215	10.71	25.34	11.41	5.01	11.86	3.895	108.675	51.235	41.34	18.18	40.035	25.43	14.835	10.685	12.42
"AT1G07720"	1.135	12.105	10.925	2.4	5.32	2.54	17.96	22.295	17.645	10.955	16.83	11.65	3.835	8.4	6.135	46.375	35.98	32.245	1.87	0.375	0.815	0.935	1.095	1.065
"AT5G24770"	5.675	35.835	6.165	7.92	4.655	1.07	11.795	7.81	6.135	52.425	43.445	37.6	4.97	6.825	4.545	31.345	67.42	23.74	7.565	18.06	8.95	6.93	7.22	2.035
"AT1G77080"	694.935	1092.125	1081.655	829.41	866.66	770.66	505.705	490.175	502.425	576.645	615.39	674.765	953.84	951.05	940.35	842.685	833.01	807.175	962.255	979.815	844.39	981.93	1039.205	967.67
"AT1G01320"	26.605	64.515	47.315	21.02	36.62	37.855	15.355	24.275	14.62	17.98	9.74	12.135	38.54	35.82	30.055	26.565	25.575	31.145	39.595	40.085	32.265	40.565	41.71	28.33
"AT3G25740"	24.05	62.325	49.105	38.695	33.3	54.27	28.84	24.885	20.525	31.2	28.7	30.705	47.78	33.23	39.075	24.305	20.235	27.99	44.015	43.83	36.385	46.84	50.99	50.515
"AT5G35930"	68.305	109.15	85.125	88.815	126.5	102.955	67.675	81.79	66.79	68.99	63.005	73.665	120.455	95.81	74.4	80.78	66.095	79.965	88.455	120.19	82.49	99.125	99.47	86.505
"AT2G24520"	8.865	31.595	18.545	19.665	30.635	27.02	9.57	14.555	12.16	11.37	12.035	11.765	22.495	20.17	18.2	21.315	15.615	17.275	28.29	33.77	21.435	18.465	18.62	9.635
"AT4G33210"	299.04	469	428.805	420.355	465.33	496.155	413.52	424.755	408.605	351.635	398.025	406.21	509.245	437.66	430.94	356.465	418.805	373.345	418.72	454.34	411.07	548.37	496.945	517.46
"AT3G23080"	195.39	464.515	295.895	281.7	507.09	520.635	207.26	218.38	422.1	324.415	320.795	436.285	425.325	499.12	358.805	192.81	299.795	339.07	245.72	307.095	340.85	441.885	697.015	452.795
"AT5G67520"	90.36	218.335	182.41	86.99	164.495	185.17	16.02	47.085	43.015	31.2	109.995	43.93	82.745	159.7	91.86	71.785	176.425	113.65	88.025	184.84	106.695	169.895	280.51	235.565
"AT4G19500.1"	53.555	104.47	76.34	58.93	111.78	110.24	50.275	76.515	46.65	49.84	70.205	58.115	95.695	87.805	77.96	56.3	78.72	67.65	73.92	87.73	80.065	115.22	136.86	102.455
"AT5G44670"	300.545	449.725	307.625	306.92	327.485	483.905	159.59	329.855	195.02	150.215	251.695	208.855	448.52	568.095	498.785	281.31	421.365	390.69	218.965	313.99	260.54	479.635	574.88	549.015
"AT4G15540"	80.225	149.25	121.5	104.475	138.37	158.685	56.24	68.775	83.27	65.045	60.375	78.51	122.375	107.315	100.06	88.335	118.735	104.54	117.085	106.14	106.42	90.51	139.905	103.585
"AT3G28880.1-Protein"	4.475	15.405	8.755	6.19	9.99	23.82	3.71	7.43	9.755	5.52	2.545	4.49	9.33	8.31	10.53	7.69	9.83	9.1	9.18	10.215	10.98	12.095	17.435	16.46
"AT5G23660"	318.465	2027.83	394.44	121.61	1114.63	284.035	29.37	63.595	33.145	25.845	70.805	24.4	32.61	100.725	33.81	23.535	91.72	28.305	19.2	51.835	11.625	404.435	1567.69	377.945
"AT3G48740"	214.61	1866.04	344.1	109.68	1111.73	318.935	22.61	63.185	28.945	22.42	114.9	15.785	28.86	75.52	34.435	38.805	123.025	29.31	20.39	80.595	14.965	273.32	1072.8	239.78
"AT2G44920.1"	2.77	16.94	7.25	1.325	4	1.475	1.455	0.615	1.81	0	3.4	2.79	2.485	1.415	1.755	1.02	0.915	0.51	1.275	3.705	2.87	2.745	8.335	3.265
"AT1G61190"	1.635	10.045	7.315	4.2	1.33	3.35	0.97	3.525	3.62	3.175	3.815	5.1	3.14	2.895	3.945	2.005	3.915	1.615	1.87	2.215	3.23	4.175	7.15	5.95
"AT2G22240"	136.95	278.15	160.195	64.39	52.58	59.74	42.37	45.945	44.93	38.715	43.655	37.74	120.545	125.06	103.475	94.79	126.875	125.41	71.12	96.28	72.275	298.78	389.415	245.87
"AT1G34210"	87.25	139.135	109.955	50.06	33.245	59.94	44.17	45.26	17.575	20.91	29.135	23.05	77.47	63.775	32.68	59.11	78.63	65.255	53.955	74.115	49.83	175.135	165.205	133.305
"AT5G09460"	329.69	719.775	561.62	82.44	109.19	211.575	67.205	57.58	54.785	68.505	54.705	61.99	242.355	263.155	242.465	202.09	251.805	190.235	287.53	293.46	303.615	882.365	946.005	828.185
"AT1G13910"	124.345	199.79	159.61	44.945	47.925	54.36	27.835	27.725	26.66	24.51	20.94	30.095	77.035	60.43	71.01	63.15	54.18	63.97	80.635	77.185	69.515	187.945	205.535	197.41
"AT5G35450"	280.665	496.38	375.65	193.825	291.62	262.575	86.155	105.63	93.425	85.56	111.355	91.855	236.12	240.49	218.535	224.1	257.46	226.285	257.285	273.245	224.46	464.98	518.415	464.235
"AT2G31280.3"	100.09	325.4	214.77	52.425	65.875	85.175	43.725	37.22	25.53	39.14	33.79	33.855	119.755	100.09	118.41	71.69	85.855	80.74	121.505	125.685	128.885	208.41	346.065	231.725
"AT3G23640"	360.45	627.325	521.7	302.97	324.63	294.935	335.62	295.855	228.43	225.355	190.255	178.765	390.93	248.61	233.805	300.75	296.64	285.8	329.845	287.075	240.475	598.275	771.345	569.63
"AT3G23790"	20.145	42.225	20.3	20.01	19.97	17.745	9.95	14.32	10.35	7.865	17.955	8.5	19.185	16.025	16.065	20.345	20.02	14.035	15.04	22.88	11.795	37.76	47.86	24.77
"AT2G33770"	818.66	2377.84	1351.125	440.085	775.14	528.195	213.545	263.79	146.63	219.73	195.315	122.91	441.24	821.47	443.945	385.14	562.77	291.91	505.385	689.395	393.075	1918.675	3093.79	1350.05
"AT2G33310.2"	2493.215	4220.565	4070.865	492.04	1018.335	752.68	608.865	836.945	1058.3	730.62	1081	1188.53	1228.06	1493.055	1458.22	941.15	1343.65	1005.205	1065.335	1448.745	1418.19	7996.395	10103.295	8164.84
"AT1G76460"	551.045	1104.845	782.235	310.71	444.325	556.92	320.325	350.41	402.34	474.405	442.53	469.025	269.69	314.53	331.54	206.89	338.245	338.265	305.88	282.02	298.56	1431.665	2231.02	1472.225
"AT1G06490.1-Protein"	37.455	74.9	43.41	34.37	29.295	26.44	8.005	10.495	7.875	9.445	5.65	6.07	10.685	8.095	11.875	7.125	6.915	5.535	8.755	8.7	10.185	123.15	129.07	112.64
"AT4G26850"	689.8	1138.755	825.145	507.44	562.29	551.845	580.13	498.295	505.935	624.84	574.64	530.445	403.66	520.395	434.1	604.93	714.8	538.42	344.965	416.4	368.275	1007.965	1281.41	877.265
"AT3G22440"	4629.71	7540.005	6234.235	3032.575	4389.235	4530.89	3336.29	3428.83	3228.45	3369.595	4051.61	3618.225	4510.915	5903.235	5190.375	3474.215	4223.695	3449.035	5431.385	5834.58	5529.97	7995.69	10332.435	8485.955
"AT3G18080"	53.98	118.6	56.16	15.845	21.305	18.425	0	2.375	2.41	9.62	15.705	13.95	58.2	64.295	50.235	32.625	37.98	43.31	74.175	92.335	75.845	103.285	251.89	135.56
"AT5G44920.2"	544.29	1270.275	958.035	286.245	485.945	309.785	90.895	103.075	129.05	300.18	357.53	430.25	565.135	771.9	823.555	261.185	395.66	313.935	1146.54	1285.405	1168.455	1118.61	2037.895	1294.22
"AT5G64340"	945.6	1931.3	1571.725	434.365	405.35	614.035	219.92	207.65	252.51	273.955	282.895	254.105	224.955	254.47	209.52	202.41	273.47	225.005	341.825	306.82	276.025	1858.475	1977.72	1819.26
"AT1G73850"	102.205	182.5	120.375	41.065	53.95	74.57	14.35	11.945	19.33	12.625	17.27	13.105	20.795	23.065	12.985	10.845	10.7	11.995	21.07	32.9	19.6	144.43	168.24	186.305
"AT2G28810.2"	825.04	1363.53	1305.21	182.595	315.75	430.26	53.735	62.485	66.705	60.72	79.44	67.355	65.305	59.21	54.66	44.77	56.72	39.8	65.255	83.96	64.28	1109.125	1330.575	1104
"AT1G07640.1"	614.35	1247.865	897.31	108.45	301.74	237.585	52.765	48.24	39.975	55.195	64.195	43.455	29.905	51.825	37.105	40.225	47.055	29.085	44.61	79.185	46.025	827.36	891	777.26
"AT1G15550"	182.135	325.195	303.055	66.47	166.62	224.9	34.42	46.48	31.555	24.92	42.945	62.265	34.745	45.35	108.545	50.845	30.355	73.765	63.725	72.54	191.305	184.045	345.93	264.71
"AT2G46660"	18.655	34.53	29.295	7.92	7.335	4.825	3.125	0.615	5.465	1.92	1.985	0.605	1.22	0.445	0.385	0	2.08	0	0	1.49	0	11.05	17.38	13.715
"AT1G54575"	698.04	1453.375	936.85	115.015	302.215	104.785	18.27	26.49	18.065	32.87	38.875	24.275	30.345	43.94	29.82	26.94	55.89	29.685	35.69	52.99	43.975	476.42	614.835	446.12
"AT4G02020"	151.435	229.045	178.7	79.82	84.52	110.06	101.45	123.315	77	128.29	70.975	75.835	230.54	217.735	195.285	145.96	167.1	180.705	208.085	229.57	216.105	242.125	338.945	273.66
"AT2G45680"	67.455	106.055	97.07	27.84	28.63	27.07	26	18.685	8.47	25.42	10.035	8.37	89.675	112.54	106.79	56.875	78.575	64.235	137.31	71.95	67.725	157.26	161.475	188.765
"AT4G20170"	234.35	350.785	284.09	129.82	167.225	223.74	63.2	168.025	111.89	120.1	166.08	166.855	400.695	542.8	430.085	326.36	450.98	409.915	293.735	378.83	313.035	446.21	566.11	495.38
"AT5G20960.1"	1702.655	2741.14	2401.435	1306.265	1534.15	1303.225	1548.09	1934.03	1341.22	1136.855	1294.13	1359.665	2404.295	2593.125	2570.67	1993.695	2368.53	2202.315	1535.53	1730.335	1624.715	3214.38	3721.91	3401.86
"AT1G02960.3"	92.63	144.255	120.585	100.525	96.49	127.48	83.905	71.45	109.645	94.66	86.115	100.96	127.78	105.38	129.78	119.465	141.655	123.595	137.985	136.43	133.995	144.045	173.44	145.685
"AT2G24270"	3.62	39.845	19.83	8.71	5.315	0	13.075	9.035	4.27	12.215	11.03	10.32	21.235	36.62	20.7	8.265	12.78	4.165	14.275	17.555	9.815	24.685	53.58	7.345
"AT2G22990"	115.535	512.135	124.595	49.71	135.785	43.14	18.625	31.855	18.84	39.65	52.075	36.525	295.02	475.635	271.77	183.59	407.885	135.065	226.855	338.08	253.03	386.305	733.19	240.59
"AT4G28600"	380.275	610.885	612.28	253.04	302.89	337.685	479.53	602.205	469.66	422.165	579.725	510.22	674.04	616.68	547.37	428.84	615.485	481.25	501.485	583.92	503.49	711.03	797.165	660.99
"AT3G01770"	296.625	554.955	492.825	245.59	263.68	335.31	328.64	363.235	332.96	302.99	458.47	372.085	486.23	439.87	423.53	318.905	340.975	350.53	461.12	456.87	447.23	407.075	550.9	435.065
"AT2G43530"	11.49	55.785	41.15	14.96	20.62	15.91	5.27	6.74	10.845	7.95	11.18	7.89	8.855	7.93	12.24	14.11	37.325	15.635	29.995	31.075	10.635	1.375	2.61	1.485
"AT1G72610"	65.325	290.045	337.975	121.895	135.12	164.58	102.69	151.095	148.22	50.515	80.88	62.73	81.13	103.55	79.235	124.98	194.985	107.165	84.29	130.29	87.67	26.67	41.345	33.73
"AT4G25050"	229.52	473.84	381.635	130.355	300.87	153.515	107.645	129.82	90.965	115.9	159.485	142.22	188.905	216.77	205.51	219.465	334.525	229.245	164.405	204.065	149.34	166.87	203.675	123.595
"AT2G35260"	30.79	78.345	48.96	7.04	7.325	11.67	6.45	4.975	5.485	7.95	7.615	7.65	13.3	6.68	12	5.235	7.915	4.165	12.235	12.165	9.45	13.74	14.3	9.67
"AT1G64770"	1.135	17.29	10.1	4.795	0	3.645	0.59	0.535	0.6	0	1.42	0.73	0.61	1.035	0	0	1.08	0.51	1.445	2.96	0.8	1.815	4.56	1.195
"AT3G63140"	2.695	18.07	10.535	1.865	0	2.8	2.045	0.535	2.445	1.92	3.675	1.945	3.835	2.755	0.985	2.58	1.54	1.02	4.42	7.01	4.92	6.87	3.74	3.04
"AT1G68010.2"	9.29	62.16	41.265	1.2	1.33	6.705	5.575	6.975	4.235	2.93	3.4	2.67	1.875	4	3.51	3.03	9.7	4.165	11.3	18.65	16.455	12.14	15.61	9.925
"AT4G17090"	0.425	40.095	23.83	2.4	0	1.88	3.61	2.295	1.845	3.015	5.945	1.945	1.265	0	1.54	0	1.08	0	4.505	6.62	7.365	1.485	1.88	0.84
"AT3G14420.3"	1.205	89.485	62.96	1.8	3.33	0.81	5.09	3.445	4.85	4.265	5.945	2.55	3.05	5.105	1.925	3.11	5.455	1.02	14.19	22.355	11.485	0.935	2.295	0.775
"AT3G46780"	1.49	24.855	22.24	1.2	2.665	1.88	3.71	1.76	1.215	3.68	1.835	1.455	1.875	1.035	0.385	1.065	0	1.02	4.845	8.35	4.1	0	0.73	0
"AT3G19800"	4.68	18.265	14.875	0	3.335	4.125	1.56	0.615	1.215	5.02	3.96	1.215	1.83	0.895	0.6	1.02	1.54	3.915	4.42	4.625	2.085	0.44	0.75	1.485
"AT1G29930"	69.225	599.18	643.905	63.185	79.97	34.87	70.475	102.58	58.46	39.405	42.42	61.78	26.855	32.15	41.555	40.185	42.01	41.505	61.855	84.93	68.06	61.705	68.405	46.89
"AT1G12900"	32.485	270.495	305.075	18.875	15.33	14.555	15.15	27.575	20	18.235	22.21	15.295	8.635	7.485	12.455	8.305	12.24	8.59	36.96	49.595	42.83	18.74	14.355	13.87
"AT3G26650"	55.405	263.805	271.85	13.51	31.29	23.715	15.635	21.985	18.305	23.75	19.795	19.295	12.6	10.38	9.28	14.285	9.325	6.375	37.215	32.525	33.59	43.09	49.44	38.22
"AT1G67090"	919.535	6412.12	7379.18	199.92	361.805	239.15	243.825	292.7	156.155	297.235	446.415	313.7	124.64	138.455	107.92	118.96	175.565	111	540.955	807.31	503.35	668.84	874.05	270.275
"AT1G42970"	24.54	154.68	139.08	6.72	3.985	8.325	14.075	11.49	9.7	15.14	13.85	8.13	9.375	8.235	7.14	5.155	12.865	5.27	21.155	27.18	20.9	15.015	19.585	15.36
"AT1G55670"	84.83	469.57	505.295	38.03	35.98	43.49	30.505	37.15	29.765	33.125	41.17	52.79	40.895	61.07	86.16	34.14	30.18	29.195	94.135	102.045	101.805	54.585	48.185	47.565
"AT2G26500"	44.96	190.98	203.145	37.97	29.955	34.985	12.72	11.945	7.855	18.565	16.96	17.48	14.995	15.205	15.63	13.185	18.74	17.015	43.16	29.765	31.59	49.52	39.485	42.525
"AT3G63160"	12.345	107.57	96.005	9.91	13.33	3.5	10.365	9.725	6.66	11.38	7.78	14.435	9.59	13.435	12.505	20.345	12.24	12.775	21.84	25.835	19.27	20.125	27.025	17.135
"AT5G20630"	0.425	116.645	82.55	6.595	0	2.69	6.83	4.75	4.255	0.585	3.11	3.16	2.44	3.345	1.155	0	3.08	2.04	4.505	2.565	4.065	0.495	0.765	0
"AT3G01500.1"	8.51	285.695	243.31	9.435	7.99	8.58	17.295	11.8	8.575	3.845	6.925	4.375	5.495	4	1.54	4.785	5.7	3.06	13.085	21.17	12.32	0.99	2.645	0
"AT3G54050"	2.62	38.29	35.085	1.2	0	1.07	4.4	2.91	3.655	1.92	6.51	3.885	1.83	1.555	1.37	0	0.54	1.53	2.125	6.29	7.8	2.42	2.26	2.035
"AT5G14740"	5.675	146.505	143.505	13.35	13.975	23.425	12.895	13.33	12.69	23.4	22.445	20.755	2.44	4.585	1.155	1.595	1.62	4.165	8.07	7.385	4.955	2.475	2.66	0.775
"AT1G32080"	1.84	30.18	33.21	3.6	6.645	7.92	2.84	0.615	0.6	3.6	2.125	1.215	0.61	2.515	1.37	2.495	1.375	0.595	2.125	5.195	5.755	0	2.26	0
"AT3G55800"	14.96	80.71	67.61	13.35	14.66	13.485	10.26	9.19	6.115	5.605	4.38	2.55	9.285	9.65	6.25	8.795	22.365	3.915	11.385	17.14	11.85	4.505	14.645	4.655
"AT5G38430"	11.77	447.6	689.875	4.99	5.335	5.49	12.335	14.175	7.33	6.02	10.865	2.55	3.66	8.73	9.835	3.68	8.03	6.8	56.755	69.06	50.855	2.975	1.53	0.42
"AT5G38410"	42.2	919.62	1362.2	13.445	17.995	11.815	43.885	52.26	43.135	25.845	45.07	27.68	13.475	26.36	18.13	12.185	16.595	17.425	116.14	129.595	83.995	5.835	16.03	1.13
"AT2G10940"	4.965	133.135	184.265	1.2	1.33	3.095	8.52	16.94	5.5	3.515	3.11	3.885	1.83	5.035	6.035	0.49	1.08	2.125	8.495	14.425	5.695	0	3.025	0.355
"AT5G38420"	19.575	502.165	863.85	4.515	11.975	11.005	22.7	16.315	12.195	5.685	21.355	6.8	3.05	8.805	5.985	8.505	8.325	6.2	27.36	44.315	18.99	2.975	3.445	1.195
"AT1G52230"	18.51	125.305	202.785	15.025	15.305	16.025	13.38	20.525	9.77	11.125	10.47	11.165	8.025	11.65	7.575	5.725	6.785	7.22	18.355	25.005	19.6	13.47	16.25	7.635
"AT1G03130"	9.295	73.335	118.135	13.285	8.005	17.565	8.595	10.955	10.35	11.205	22.045	18.08	6.975	6.52	7.02	3.68	7.995	11.06	14.955	14.025	15.55	10.34	15.39	6.435
"AT2G42220"	3.12	30.72	46.77	6.785	0	5.49	1.56	4.135	4.255	2.505	2.125	1.335	1.265	4.825	3.345	1.065	1.62	4.34	6.455	5.37	8.15	4.175	6.02	3.815
"AT3G05730"	5.25	227.215	287.455	0.665	0	1.73	23.01	50.05	46	8.52	16.665	8.25	0.61	1.035	1.155	1.065	3.245	4.585	3.655	2.215	6.065	1.43	22.94	0
"AT4G38970.2"	15.885	143.72	170.39	7.575	3.985	12	20.345	17.465	10.42	13.385	12.87	6.185	6.235	10.305	8.125	7.16	11.57	9.185	36.79	40.545	44.485	3.185	10.67	2.325
"AT2G21330.3"	3.05	40.03	55.535	1.265	8.675	0.81	7.835	5.055	4.885	1.84	2.69	1.945	1.83	2.965	2.14	2.615	2.08	2.635	8.665	9.4	8.13	0.495	0.385	0.84
"AT1G32060"	4.895	63.685	70.585	8.71	13.99	13.515	11.72	14.71	8.56	12.545	14.955	7.765	3.05	8.005	11.18	5.725	4.62	7.395	23.535	17.95	17.165	5.17	9.725	2.975
"AT2G05510.3"	285.29	1569.7	1701.625	45.48	182.395	42.54	48.805	23.28	12.775	72.93	96.25	32.64	37.885	64.655	26.785	223.125	362.225	147.58	115.135	165.06	65.69	487.755	584.585	163.86
"AT4G22690"	5.745	38.97	82.75	1.2	3.33	1.215	12.795	14.24	4.885	26.5	21.17	37.04	1.22	2.515	0.385	19.15	16.99	6.8	1.87	6.445	4.065	16.32	25.44	30.535
"AT2G17330"	89.87	189.22	85.97	102.075	66.59	115.255	96.05	92.58	78.505	45.16	55.815	48.19	57.33	56.67	29.17	13.54	11.83	14.455	42.74	51.78	26.6	72.795	52.27	34.64
"AT1G77990"	63.275	119.34	88.2	31.185	57.905	65.075	23.335	60.965	50.975	31.36	37.6	36.765	6.15	8.235	9.98	14.205	19.32	14.295	15.72	17.73	14.68	6.985	8.21	9.06
"AT3G14570"	69.575	205.31	101.535	110.03	119.845	175.015	14.18	40.725	24.385	10.62	26.155	19.785	23.02	21.135	15.08	16.825	15.205	16.085	11.045	27.155	8.55	80.635	90.15	78.36
"AT1G25440"	9.93	33.99	28.84	9.565	11.34	23.53	3.915	2.755	5.465	8.78	8.07	5.945	6.365	4.305	4.115	4.015	5.24	4.515	7.56	8.09	6.59	8.895	8.265	10.125
"AT5G09660.2"	11.28	76.065	70.17	66.41	62.515	46.895	14.765	11.41	6.08	9.87	6.63	5.1	8.24	8.61	3.945	1.595	3.455	5.955	16.145	19.02	11.195	2.745	4.14	3.23
"AT1G78270"	13.55	34.32	30.865	13.635	31.95	33.14	21.565	30.015	26.06	23.415	26.405	21.725	15.65	24.43	30.66	20.425	27.49	29.185	19.715	25.03	14.335	23.09	36.075	19.66
"AT5G19660"	117.605	202.42	156.055	139.285	132.41	164.01	215.34	247.575	224.9	164.395	213.3	193.92	213.32	229.385	194.97	160.34	203.385	163.255	178.855	223.32	209.045	170.22	205.725	192.905
"AT1G79830"	757.795	1154.55	1097.54	828.935	1047.915	1084.91	1248.23	1585.55	1284.49	1030.925	1383.87	1381.725	1358.425	1429.165	1579.345	1135.21	1174.675	1163.715	1394.06	1406.43	1080.955	856.65	1077.54	1063.35
"AT2G13370"	113.63	180.22	156.09	173.755	171.795	178.275	199.175	217.98	173.005	138.33	159.655	155.94	212.53	205.895	202.595	154.085	149.175	164.625	183.275	187.015	151.84	162.585	190.61	171.59
"AT2G29910"	76.105	124.89	94.145	83.705	122.515	156.27	125.62	149.775	110.42	126.355	151.085	149.025	126.215	130.235	135.165	115.985	100.615	124.31	133.4	143.635	125.03	114.465	115.74	128.485
"AT3G43600"	319.035	492.675	410.03	180.35	200.285	228.66	642.375	582.63	421.375	360.745	357.815	422.225	432.475	428.785	390.945	322.545	370.77	308.26	318.63	356.855	320.545	283.91	331.4	293.23
"AT1G01010"	233.15	349.25	288.69	149.36	167.14	170.135	537.65	492.91	465.815	433.49	410.31	333.475	346.985	362.8	324.415	228.145	240.035	203.005	298.66	305.505	275.19	166.775	224.31	214.545
"AT4G36920"	799.345	1439.95	1164.705	862.155	1047.765	1101.875	1488.305	1916.79	1411.035	1520.63	2304.14	1456.345	1022.725	1557.335	1321.735	916.69	1188.505	1121.105	1371.22	1862.05	1280.355	486.35	666.74	463.78
"AT4G02920"	740.18	1109.125	957.155	456.185	502.48	654.96	1368.805	1650.615	1479.87	1061.575	1829.83	1211.71	1041.825	1134.26	1163.65	867.62	1020.985	1113.905	1128.63	1268.71	1388.59	426.535	542.975	515.925
"AT5G60120"	161.565	356.735	271.61	167.44	189.12	387.705	379.67	355.145	363.745	388.42	514.39	512.11	293.405	302.975	356.9	334.875	332.545	335.385	376.58	398.84	368.265	134.285	141.625	131.24
"AT3G24480"	166.365	462.175	148.15	266.58	333.085	450.355	573.825	774.31	449.635	515.485	813.34	650.325	541.08	803.125	492.54	320.495	514.005	361.58	706.51	1092.765	339.855	112.35	107.935	110.79
"AT1G65840"	2998.15	5905.89	4240.98	3131.47	3107	4183.95	5986.495	9931.365	7451.595	8127.165	10006.16	10080.225	5710.735	9629.435	6888.29	5083.485	8479.445	5408.66	7845.955	10965.305	7724.655	1399.51	1760.27	1420.635
"AT1G09980"	460.855	708.17	513.635	589.41	674.895	746.855	630.21	805.63	627.705	665.585	942.055	779.88	699.765	742.985	709.425	628.76	688.485	657.88	836.775	825.98	671.83	510.825	505.295	482.155
"AT3G07940"	371.9	560.59	458.375	240.23	301.075	363.965	698.695	1058.33	1303.245	1052.445	1539.49	1454.005	524.465	752.725	731.025	452.255	601.275	632.5	549.575	802.06	855.13	190.43	205.745	259.82
"AT1G21590"	244.98	416.235	334.69	135.055	153.8	164.525	507.62	777.93	637.87	745.8	930.09	731.69	456.585	463.125	334.735	321.32	521.015	306.035	381.505	590.755	535.62	241.93	238.58	225.96
"AT1G63840"	2779.365	4183.915	4420.11	1904.305	3675.51	2790.94	5305.57	6670.99	9013.745	8615.335	9596.84	11937.155	5815.4	7760.21	8899.545	4225.865	6097.155	5978.065	6150.345	7927.57	7068.865	2501.875	3249.325	4016.6
"AT5G65390"	7621.65	14922.265	10573.875	2477.205	4489.455	5602.355	7362.32	13402.97	11036.86	10134.645	25363.635	24085.035	20163.735	25845.515	26467.19	15529.09	23487.205	20551.25	13481.9	18404.52	13042.13	4901.115	6283.965	5570.28
"AT5G02840.3"	547.48	899.815	663.245	626.425	738.005	670.25	870.255	1086.18	978.35	1181.785	1295.585	1133.385	1063.01	1470.155	1184.215	860.055	1127.035	897.745	912.63	1008.745	860.485	492.605	623.47	494.015
"AT5G63450"	181.365	366.185	264.4	97.56	165.01	155.665	735.11	697.74	399.315	1521.65	1433.8	1071	1372.28	1585.75	1235.795	1075.38	1827.27	1097.025	1060.39	1451.68	835.36	56.515	98.37	70.595
"AT4G03610"	177.675	288.92	193.645	112.555	177.83	137.4	221.04	298.795	359.41	889.825	858.965	779.585	849.52	1034.395	825.825	964.24	1032.065	1010.8	778.385	861.77	670.695	42.725	65.33	62.455
"AT5G63595"	79.585	219.435	187.44	100.28	133.305	286.655	187.63	221.7	270.33	342.04	483.135	382.615	313.025	419.255	334.8	307.97	414.735	309.515	394.595	520.87	400.935	28.87	39.67	26.52
"AT4G40050"	989.945	1497.215	1096.01	1512.91	1771.49	1933.3	2016.865	2664.225	2372.615	2123.05	2320.195	2133.51	2547.725	3029.64	2653.25	2178.955	2729.94	2234.095	2527.56	2970.125	2676.46	665.875	784.54	719.915
"AT1G49450"	164.93	332.205	240.585	243.48	361.74	210.29	870.52	1300.94	1043.405	1225.48	1083.735	1104.565	1032.75	1321.405	800.24	974.89	1685.485	1016.855	1034.31	1426.99	949.36	49.475	73.1	45.985
"AT3G50480"	9.79	46.07	10.385	6.915	50.595	7.515	32.67	78.82	17.54	27.01	267.005	28.4	3.75	7.27	1.155	5.075	9.29	2.55	2.72	12.6	5.315	0	4.105	1.55
"AT1G67980.2"	7.31	45.59	22.285	9.845	180.345	3.465	54.575	215.81	25.395	90.155	512.115	57.025	5.055	9.04	3.295	6.215	4.54	1.53	3.145	11.485	2.47	3.3	7.57	4.105
"AT1G66600"	0.425	11.79	5.005	3.975	8.64	0	7.42	22.975	12.635	6.53	396.82	15.165	1.31	0	0.385	1.595	6.7	1.615	1.02	6.465	0.8	0	1.895	1.78
"AT4G21870"	153.36	491.38	263.17	41.82	295.825	100.275	153.76	230.9	259.28	134.375	2085.72	606.9	84.01	279.135	148.515	144.49	274.895	135.52	200.695	1003.18	277.975	68.595	242.185	87.125
"AT1G22890"	13.12	102.745	67.865	6.19	44.605	10.83	12.205	65.855	108.865	111.08	841.235	427.825	60.73	135.605	39.32	52.315	143.995	40.4	30.165	302.68	139.725	10.28	40.87	17.045
"AT3G18930"	43.26	78.795	78.375	60.57	68.62	84.35	45.815	47.705	42.4	67.995	130.225	66.12	51.27	68.955	68.435	43.63	60.73	67.65	60.41	71.975	75.475	53.775	72.39	66.685
"AT5G48620"	57.81	100.545	78.77	65.395	111.09	76.39	47.74	72.31	61.87	80.865	114.19	96.605	70.535	83.735	52.95	58.525	58.345	59.98	55.57	72.895	56.955	41.555	76.53	45.92
"AT5G24735"	440.89	909.575	703.215	830.2	1429.95	858.8	444.36	493.26	643.305	881.245	1271.47	1147.53	658.825	603.785	581.505	546.74	775.41	551.915	740.995	877.85	545.325	545.545	863.5	603
"AT4G04692"	97.885	213.185	150.1	160.4	267.67	169.36	46.875	101.625	137.9	152.605	229.98	208.275	52.71	63.705	41.77	54.325	90.74	55.225	63.895	82.89	53.76	98.66	141.27	106.49
"AT1G27740"	160.505	324.465	220.995	172.365	384.12	282.805	62.13	117.405	136.15	133.93	347.185	285.23	26.68	40.53	37.705	36.515	51.98	34.715	40.79	82.075	63.515	19.3	51.305	34.795
"AT4G12990"	37.735	69.62	46.65	49.05	76.55	57.94	27.12	42.585	53.735	67.64	90.87	90.3	33.05	28.055	34.8	31.525	48.84	34.215	31.775	52.555	40.07	36.295	39.325	33.76
"AT1G66730"	65.75	174.16	109.58	133.67	154.49	109.815	122.355	125.98	95.965	333.305	296.12	182.055	37.405	54.435	41.48	40.065	62.03	47.995	70.015	81.445	36.35	29.745	30.64	22.8
"AT1G66725"	338.23	708.395	438.095	822.915	1315.805	612.675	543.615	617.585	502.835	1498.955	1514.06	830.485	204.385	268.03	171.165	284.74	380.64	246.325	500.035	518.225	238.745	161.735	207.015	157.88
"AT5G65730"	0.85	28.995	27.79	1.8	0	2.285	28.635	42.76	41.325	23.005	19.375	14.69	0.61	0.52	0.77	2.125	2.705	2.725	4.76	1.49	2.45	1.485	0.385	0
"AT5G46110"	180.59	414.825	314.935	42.955	55.29	74.255	232.83	423.745	271.005	223.01	334.74	219.56	19.485	26.175	23.61	15.31	20.745	18.545	36.36	39.8	44.535	56.185	71.16	51.71
"AT4G32950"	0.71	20.355	21.33	0	2	16.71	9.01	32.625	42.855	3.515	17.835	18.81	1.22	0	0.77	0	0.54	0	0.51	0.375	2.07	0.935	0.75	3.04
"AT4G08620"	11.775	50.845	99.515	24.05	57.915	122.52	8.215	241.79	294.39	33.955	169.095	187.31	1.875	7.865	15.08	3.525	5.665	6.215	9.515	13.105	18.33	0	10.87	16.815
"AT5G21950"	106.465	176.8	179.84	42.865	73.295	94.135	132.85	127.58	233.74	147.43	105.075	223.81	17.48	9.485	23.35	6.215	12.405	9.61	17.93	15.015	16.785	81.18	111.65	114.255
"AT1G78390.1-Protein"	14.045	45.095	41.895	17.455	79.98	74.725	19.005	95.455	125.94	150.685	173.88	201.695	4.4	4.965	7.985	99.5	105.625	72.51	2.04	7.515	10.2	1.815	8.92	6.63
"AT1G15630"	48.72	127.85	103.585	53.875	366.355	375.185	211.825	554.525	576.59	456.465	837.92	968.47	20.405	21.345	13.705	255.085	280.29	201.59	7.82	19.355	21.195	6.105	10.34	10.93
"AT3G05936"	79.375	249.28	162.44	38.885	219.84	106.125	67.445	302.4	313.74	542.325	1230.355	815.79	20.97	93.195	79.405	462.725	538.6	456.79	28.04	126.015	72.12	35.24	74.925	73.085
"AT4G18210"	5.815	18.765	13.765	2.4	6	5.085	23.095	48.26	21.81	47.925	155.005	86.9	4.97	5.415	2.74	4.665	11.7	4.255	4.675	13.26	5.755	0.935	2.26	0
"AT1G27020"	723.555	1891.41	814.07	195.5	568.215	263.83	1662.585	2879.005	1649.71	2158.435	9184.98	3438.715	213.185	456.615	125.235	1019.54	1247.885	400.465	261.36	591.075	265.515	140.67	238.745	123.67
"AT4G13500"	4.825	29.105	26.625	7.04	24.635	5.12	36.41	70.925	60.605	52.09	255.72	87.73	2.44	1.555	2.14	2.085	2.455	1.705	2.295	11.615	4.03	0.495	2.955	0
"AT1G53640"	117.67	527.91	462.13	139.445	488.265	149.495	542.215	752.825	763.96	888.88	4874.09	2245.08	15.695	36.1	29.935	21.075	29.015	22.7	43.25	72.215	40.465	19.785	44.045	17.01
"AT1G22900"	15.035	91.56	55.33	12.685	69.255	6.04	137.15	759.105	220.82	484.75	4279.2	1423.26	2.44	1.48	1.37	5.65	10.945	3.145	3.23	24.92	11.47	0.495	9.03	4.17
"AT2G35980"	77.67	393.19	179.77	127.67	244.23	109.53	930.03	2614.34	850.215	5884.32	11818.025	4404.335	24.85	42.55	10.795	42.035	93.42	30.625	96.1	138.79	56.725	17.695	43.935	45.51
"AT4G23170"	1.49	17.425	6.2	1.925	56.605	2.395	22.64	45.865	9.755	21.99	152.415	73.525	1.22	4.965	0.385	2.005	18.43	1.02	0.935	14.4	6.465	0.935	0.75	0.355
"AT4G15417"	56.67	106.795	77.115	45.86	102.495	69.055	348.9	711.685	538.495	363.545	1312.315	869.925	7.5	16.405	13.03	9.82	13.405	8.33	6.715	33.225	9.75	3.13	7.445	4.59
"AT2G13790"	95.475	181.99	130.875	125.275	165.69	106.425	283.285	502.23	345.7	302.275	719.54	435.415	45.73	67.97	51.44	67.68	80.495	53.53	70.355	100.31	66.625	66.195	84.465	53.33
"AT2G43890"	12.2	192.2	111.365	20.2	175.135	133.015	318.06	1730.69	1010.01	1054.01	2265.315	1602.315	0.61	6.59	3.51	1.595	1.62	2.04	8.925	23.475	12.735	2.42	4.105	3.685
"AT3G22800"	185.8	512.335	198.375	228.74	317.035	295.865	1591.79	2065.94	1325.68	2293.22	3996.41	2685.09	53.535	49.565	19.79	63.255	59.77	46.685	108.25	190.425	57.66	23.47	39.03	18.205
"AT1G13510"	153.425	260.385	171.94	132.88	265.065	156.19	1310.165	2017.52	1177.06	1677.4	3447.145	1970.615	29.08	33.515	18.9	42.07	72.255	29.685	34.155	66.665	39.595	15.565	28.45	17.235
"AT5G07780"	33.545	66.665	53.31	47.535	70.59	72.275	227.19	335.585	205.145	246.29	478.275	298.765	6.845	6.895	9.98	3.645	4.08	10.39	5.015	10.39	9.435	4.9	8.495	12.29
"AT2G36210"	105.335	211.975	232.72	167.29	234.565	179.785	383.03	381.335	369.335	462.545	905.38	649.45	37.275	53.725	70.89	55.67	80.315	59.015	50.215	99.585	85.06	9.18	9.76	10.64
"AT1G65845"	1717.025	4273.51	1820.275	3346.76	8265.4	1442.02	10491.43	18347.875	7316.77	11598.16	37430.365	16039.155	259.53	444.15	231.785	514.395	778.33	349.77	414.22	777.26	337.195	371.57	741.19	332.135
"AT1G13520"	30.08	88.9	59.68	48.95	133.905	56.68	201.255	312.62	195.4	237.05	659.585	316.77	44.165	50.18	53	51.225	54.87	34.54	53.615	69.435	44.755	5.55	14.535	3.75
"AT5G48430"	876.215	3308.28	1959.08	1776.155	4920.925	889.42	14283.6	27201.25	14439.325	5586.85	56267.855	17599.465	155.55	357.945	122.37	221.69	532.145	150.51	98.735	1527.19	629.72	59.66	309.825	99.51
"AT5G21120"	8.37	28.175	14.46	14.585	47.96	46.5	7.625	109.59	60.82	142.195	296.335	183.76	1.875	5.2	4.375	1.515	2.835	6.3	7.565	6.795	6.48	0	5.165	2.875
"AT4G29310"	234.775	429.805	253.49	343.345	599.915	574.875	434.51	1234.79	743.155	1076.25	2205.1	1234.55	111.085	206.71	164.15	235.15	333.19	255.435	98.99	139.91	109.56	137.96	162.125	130.75
"AT3G18250"	25.61	63.995	96.17	68.24	81.2	28.035	89.835	198.255	282.645	160.095	463.52	309.62	73.59	67.92	94.215	99.29	117.38	75.99	63.98	62.81	64.54	12.645	14.3	12.095
"AT1G51920"	6.67	29.89	47.85	3.915	41.975	18.94	27.15	168.54	346.34	121.375	882.015	506.07	0.655	1.93	4.93	3.15	12.535	2.125	3.57	14.97	10.86	0	3.355	4.59
"AT1G30140"	9.645	34.455	21.08	6.785	7.315	9.135	38.38	83.875	116.45	409.705	481.875	453.425	3.66	2.31	2.525	5.61	7.245	7.83	9.69	13.305	8.13	1.87	4.085	0.71
"AT1G09350"	29.015	87.35	68.96	6.85	35.25	32.195	266.665	379.87	202.41	903.42	1103.235	889.21	26.68	64.365	62.86	54.92	115.59	100.52	62.96	79.705	90.73	3.515	8.21	3.04
"AT4G19420"	243.485	511.66	485.075	104.06	203.1	271.605	207.92	972.32	1162.4	2548.655	3517.21	3230.58	297.545	478.31	613.4	440.15	527.76	608.865	334.18	431.715	463.74	570.07	558.655	647.955
"AT3G49700"	0.355	8.685	3.38	3.19	9.335	14.44	2.15	109.58	48.725	150.41	364.11	376.305	0	0	0	2.05	1.375	2.125	1.53	4.58	2.87	0	1.115	0.775
"AT1G29510"	1.84	14.875	12.05	4.2	16.665	4.68	2.535	33.15	27.17	99.4	255.935	260.26	6.41	17.39	20.415	7.535	18.12	13.285	15.465	15.69	21.075	0	4.54	3.105
"AT4G12410.1-Protein"	5.745	20.195	11.7	33.71	92.005	25.045	4.095	67.9	44.65	217.285	603.75	478.4	1.265	8.915	6.135	5.53	4.46	6.725	5.525	7.21	6.965	18.82	15.32	13.26
"AT2G26480.1-Protein"	25.325	94.38	42.94	58.71	93.285	65.57	143.39	338.08	218.915	518.33	965.515	837.85	28.47	33.3	29.05	31.76	41.96	26.71	41.04	44.77	62.65	3.355	8.575	3.945
"AT1G10550"	119.73	356.605	211.17	80.265	303.78	135.69	741.64	3049.165	2075.155	4600.22	8622.55	7777.53	34.57	93.26	85.055	300.37	444.765	429.87	37.81	80.275	64.425	5.61	29.075	18.14
"AT1G29500"	3.12	24.595	15.43	0.6	23.315	15.505	7.42	85.86	67.02	199.06	374.535	303.85	4.4	23.255	25.515	6.1	12.66	8.165	23.03	25.27	37.875	2.365	4.505	3.46
"AT5G41680"	28.015	65.115	50.7	39.71	84.635	61.085	78.045	183.02	173.395	184.535	340.525	356.23	7.02	11.135	8.055	12.24	12.12	6.46	10.455	19.855	14.68	17.105	21.995	21.505
"AT1G57560"	252.675	714.995	459.855	267.085	676.85	463.5	737.46	2661.56	2154.985	3181.88	5836.045	5994.53	38.365	77.45	59.035	56.24	65.24	58.78	84.03	138.835	99.175	93.81	126.925	113.32
"AT5G67620"	229.975	491.35	490.76	143.99	516.125	343.475	662.585	1648.53	2638.96	3177.925	5788.77	5175.69	87.28	82.84	155.77	97.13	60.755	66.195	133.315	85.425	105.685	255.595	231.405	267.065
"AT4G21200.2"	1.56	18.38	12.465	0	28.005	15.835	4.195	66.985	60.025	87.02	113.52	137.835	6.93	4.445	9.04	7.575	9.205	17.44	4.165	6.095	5.28	0.44	1.115	1.55
"AT1G14550"	80.085	283.075	413.425	32.445	116.68	145.53	820.39	4092.215	3262.595	1809.995	7803.88	6922.93	12.335	23.75	22.46	31.55	25.56	13.525	14.615	59.195	39.685	8.795	17.145	20.985
"AT5G24165"	2536	4468.355	5822.545	1313.065	2491.235	1512.405	3391.365	3269.295	5864.805	7091.195	11652.34	11333.195	967.055	1415.51	1358.815	1086.43	1709.855	1121.995	1817.53	2577.965	2007.79	1760.865	2671.29	2263.93
"AT5G16030.2"	2.77	14.115	13.375	6.44	3.33	5.265	7.52	14.4	20.545	15.135	46.865	47.58	1.83	2.07	3.08	4.665	3.54	3.83	3.145	5.72	3.685	9.745	10.125	2.62
"AT5G36130"	31.14	123.015	190.08	55.96	34.585	78.395	1148.755	1425.775	1417.485	2242.495	2178.28	3328.43	13.515	5.93	15.39	17.885	17.825	13.265	24.81	34.865	32.98	2.195	3.67	7.145
"AT4G17860.1-Protein"	13.62	29.775	45.805	6.975	17.295	25.785	106.325	188.09	469.41	528.475	642.065	1280.335	0	2	4.06	1.065	0.54	1.53	4.25	4.975	8.475	2.745	4.105	3.04
"AT1G70780"	5289.7	8253.63	6950.965	5251.075	6054.19	4713.02	7231.56	9047.915	11769.635	15468.75	22727.12	16495.835	6775.78	6914.015	7138.385	8016.31	8196.085	7118.06	9036.695	8819.825	6787.45	3663.315	3315.275	3094.96
"AT1G30270"	1264.96	1947.39	1566.17	1371.6	1719.055	1828.065	1498.335	2242.75	2351.045	2113.415	4031.57	2477.325	1787.49	1783.52	1731.11	1383.345	1971.61	1819.29	2075.44	2081.585	2079.28	1188.975	1574.11	1352.61
"AT2G33480"	273.38	444.655	461.585	484.81	822.94	810.305	542.555	689.99	939.915	977.405	1272.92	1016.845	525.12	627.37	663.71	431.535	577.56	504.335	553.22	694.645	576.97	223.53	259.325	232.42
"AT5G04810"	153.79	280.93	216.54	145.54	208.39	250.595	122.795	197.53	284.295	361.925	467.015	558.365	203.855	229.295	178.57	137.845	139.545	138.58	187.52	204.125	185.88	202.25	298.88	215.735
"AT1G73170"	121.075	192.265	170.16	100.81	127.155	161.8	141.025	174.07	205.29	220.765	261.285	238.575	114.615	121.08	122.09	117.98	133.89	118.685	128.47	139.19	117.54	118.74	153.275	142.845
"AT3G14370"	253.705	841.335	500.205	948.46	2394.46	1765.305	719.44	2924.57	2370.975	2208.875	4363.165	4208.055	22.93	70.86	53.605	58.045	83.65	71.305	32.035	54.395	53.985	47.29	123.015	103.55
"AT1G04610"	857.875	1784.565	1136.405	2459.935	4119.74	3769.44	1028.4	4139.375	3472.95	3328.39	5660.84	6468.37	459.85	326.62	285.465	725.67	667.285	812.295	231.45	183.965	204.935	136.93	171.92	122.795
"AT5G46650"	19.01	39.29	30.1	32.26	73.255	48.805	29.475	61.725	56.775	50.51	69.575	79.48	6.845	5.34	6.85	5.035	7.375	5.535	4.25	9.975	9.71	3.3	8.08	5.01
"AT2G31800"	616.225	1033.355	809.645	1103.57	1253.25	1478.39	963.195	1360.41	1844.635	1335.155	2046.25	1991.125	607.385	596.61	537.305	572.945	659.895	624.91	567.835	690.18	499.425	298.39	409.445	456.32
"AT2G02960.5"	774.5	1393.62	1327.62	1343.23	1527.685	1650.065	1279.795	1902.8	2802.86	2225.64	3104.56	3334.545	608.17	739.73	734.78	595.56	740.345	674.61	777.2	838.975	758.315	441.35	535.6	521.83
"AT5G04820"	326.43	529.24	454.86	575.02	1012.305	463.22	517.22	1023.215	1029.35	1072.93	1324.69	1290.955	287.515	407.345	298.325	239.745	309.835	244.07	348.71	453.23	399.42	191.56	242.65	223.305
"AT1G15640"	120.225	246.68	237.65	124.64	531.425	253.69	239.09	644.745	594.145	384.65	948.41	1420.255	12.645	23.585	20.175	84.93	85.74	71.455	13.85	35.525	32.18	14.135	22.45	28.62
"AT4G23870"	365.445	788.13	614.25	1211.48	1553.18	1429.29	1006.14	2317.745	1883.325	1228.435	2977.665	2333.935	536.755	632.12	597.025	476.835	746.84	696.93	498.685	609.77	492.995	112.6	203.58	226.19
"AT1G52750"	667.645	1072.51	659.88	1191.665	1703.86	1584.865	1043.075	2707.37	2199.035	2125.05	3761.315	2710.765	832.295	1498.52	1349.8	671.605	1078.675	1075.435	655.865	974.7	777.695	660.1	953.94	883.695
"AT1G21120"	196.275	547.945	537.48	1104.97	3332.11	376.295	582.13	1978.86	4228.635	1537.49	3623.135	3525.805	18.875	55.07	37.75	82.655	136.105	44.835	46.815	141.36	151.315	19.62	48.325	37.325
"AT4G13020.5"	587.965	962.65	783.075	892.69	914.84	1009.735	788.96	1031.16	1211.05	948.325	1209.74	1213.455	669.905	718.04	715.295	537.265	696.44	638.58	899.3	917.575	757.495	543.01	660.18	665.26
"AT3G07280"	117.395	206.305	166.84	227.855	260.955	311.92	196.07	235.355	244.965	237.29	374.25	339.995	133.275	120.445	148.515	128.42	132.115	161.435	160.335	188.725	114.685	68.78	131.48	112.545
"AT3G50350"	548.685	990.545	1050.375	793.79	1682.7	1098.385	1141.515	981.145	1132.635	760.56	2431.585	1730.93	463.865	721.01	697.04	661.28	717.15	673.04	630.375	832.715	782.95	334.21	490.435	386.15
"AT4G37520"	1329.33	2459.42	1541.72	2199.595	3096.18	2110.77	7837.395	8800.515	6476.15	10500.625	10721.28	6541.245	1381.26	1374.15	1150.02	2209.615	2588.365	2737.18	607.175	615.485	476.585	128.11	170.95	154.645
"AT1G32940"	17.945	49.83	31.92	57.855	47.92	38.695	210.125	285.615	95.095	195.59	238.74	75.34	23.63	15.485	18.755	19.165	29.1	21.6	23.62	32.525	19.945	16.27	17.525	18.66
"AT3G60730"	5.035	15.265	12.24	9.565	11.995	9.615	26.69	39.825	24.76	29.94	32.165	25.855	13.125	9.27	7.835	14.975	14.37	18.97	13	16.615	14.295	10.995	11.56	10.445
"AT1G68530"	4.965	49.03	42.595	9.245	6	5.635	113.715	147.755	82.985	173.235	125.72	112.555	60.075	64.93	34.555	30.64	41.96	26.005	34.24	24.43	13.59	1.87	1.915	2.035
"AT2G32690"	1.49	24.855	36.305	6.12	4.65	2.395	36.365	41.21	43.665	63.335	69.385	32.41	1.22	1.48	1.37	2.58	1	1.705	1.275	3.705	2.85	0.935	1.845	1.26
"AT4G39330.2"	17.8	82.505	87.46	58.425	51.935	64.2	389.08	519.265	272.8	138.525	164.995	110.57	53.365	46.88	43.115	44.745	38.815	43.725	32.63	28.25	36.275	90.615	77.625	73.675
"AT2G38530"	33.48	110.13	73.795	78.59	203.135	66.53	523.9	589.75	303.315	233.115	354.765	260.905	72.85	102.52	100.97	94.91	106.37	71.545	101.54	98.36	74.4	92.47	121.215	70.565
"AT5G25610"	1.49	39.42	23.4	1.925	5.315	4.715	73.76	92.5	53.145	50.94	41.605	50.27	8.065	4.38	3.08	2.54	2.08	2.725	2.89	7.8	2.9	2.365	2.625	1.195
"AT2G38540"	50.29	289.26	341.385	116.565	161.19	79.12	979.76	996.77	615.66	624.43	793.92	671.42	92.075	81.405	79.205	69.3	81.365	59.785	73.495	67.435	73.965	145.675	153.575	118.075
"AT1G55260"	0.78	15.43	22.635	4.99	2.665	13.71	55.24	56.36	56.75	41.75	39.315	27.795	3.705	3.93	1.54	2.005	4.46	0.51	4.335	2.96	2.485	0	2.225	0.775
"AT5G02350"	75.33	119.245	86.975	131.59	175.2	214.365	321.545	394.78	333.925	197.675	439.025	303.26	16.87	28.335	20.895	48.505	54.605	65.175	16.905	35.505	30.235	18.64	16.215	15.49
"AT4G15563"	71.78	149.64	130.895	168.04	221.78	309.235	336.49	436.675	377.71	261.885	463.2	353.885	54.975	55.21	59.66	58.38	51.545	48.25	61.685	69.015	62.32	31.015	33.45	32.92
"AT5G07770.1"	35.47	106.575	56.93	77.485	117.165	140.66	215.68	316.985	264.125	188.72	331.7	242.715	20.925	26.67	16.18	6.79	8.325	11.735	24.47	37.96	14.82	4.945	12.22	12
"AT2G47830.2"	162.77	274.825	236.725	296.88	275.49	332.265	487.98	615.4	434.035	413.745	611.68	411.435	181.62	181.235	147.79	130.59	147.18	141.075	172.91	227.665	140.885	98.835	115.795	105.2
"AT5G51500"	154.775	317.995	199.84	167.95	419.32	629.36	1277.575	1737.19	1180.195	1250.8	1421.58	1129.09	12.645	17.015	8.99	17.765	22.155	11.83	10.62	13.305	10.65	5.61	13.42	12.875
"AT3G14270"	328.935	574.225	377.4	502.93	561.915	675.95	833.95	1126.445	864.045	772.79	976.3	863.955	408.06	433.73	387.13	351.1	439.745	364.66	347.175	353.835	347.735	295.16	364.965	310.005
"AT2G01830.2"	525.69	839.065	489.47	913.84	1225.575	1126.87	1365.89	2055.595	1462.32	1331.165	1537.875	1215.065	493.47	570.015	401.39	493.23	455.2	402	449.315	506.975	337.08	532.845	561.645	430.05
"AT4G22590"	1409.16	2732.27	2490.205	2643.375	2882.46	4148.925	3973.225	8074.66	8194.04	4817.17	6394.05	7864.13	311.325	411.325	533.51	664.225	713.14	652.39	332.065	583.125	546.61	459.315	459.025	614.925
"AT4G03390"	852.725	1276.22	1169.705	1405.69	1581.65	1665.375	1744.16	2599.2	2495.1	1684.695	2268.64	2210.705	1011	1140.97	1058.655	707.925	785.685	791.405	757.485	935.66	746.5	723.375	902.085	933.43
"AT4G18670"	155.065	275.79	165.395	240.295	242.435	452.56	623.645	753.66	539.81	434.75	503.63	444.44	213.055	231.245	228.925	127.93	158.99	154.155	192.96	238.025	143.965	168.905	154.7	139.9
"AT5G65800"	81.77	173.69	143.36	135.915	324.52	231.41	526.95	1505.31	1216.62	1013.175	1014.405	705.925	7.415	13.06	13.85	3.19	10.16	8.94	5.355	16.415	11.035	11.765	15.265	20.795
"AT2G41810"	68.44	533.24	381.615	236.695	634.54	1073.385	1825.235	4156.71	1971.845	745.97	1886.45	1225.48	15.39	19.04	15.795	10.47	5.7	7.31	13.85	53.41	19.65	10.675	9.285	12.97
"AT1G62440"	144.315	331.78	95.16	109.4	175.345	240.05	773.765	1447.29	524.335	403.37	1032.63	643.335	24.11	21.065	20.99	51.04	63.62	52.225	28.465	39.055	13.48	10.995	14.48	19.305
"AT4G13510"	1276.535	2280.035	2264.015	2533.44	2556.795	2353.05	15516.05	17724.63	12118.765	9220.73	15916.495	11105.21	712.845	716.13	754.13	591.91	777.795	734.485	287.785	605.55	364.41	114.35	168.775	136.175
"AT1G23720.1-Protein"	972.56	3479.06	971.66	469.35	817.845	1098.57	9156.48	13689.54	7569.315	6105.11	11527.275	8389.005	235.075	190.66	112.08	83.535	117.54	109.215	170.365	222.98	95.055	85.685	198.72	213.665
"AT1G31885"	101.935	194.81	154.915	96.9	246.475	129.56	929.955	1366.51	975.725	425.06	1306.325	748.21	21.235	32.195	15.68	18.87	26.36	23.32	14.87	30.555	26.13	11.05	22.43	15.62
"AT5G66790"	49.93	82.66	68.55	46.27	69.28	79.53	354.405	351.575	380.285	245.51	457.735	350.71	15.605	24.99	17.165	13.795	19.61	15.635	12.32	21.61	11.835	7.865	14.08	7.92
"AT5G18360"	13.69	29.345	17.27	9.37	15.32	27.62	95.34	111.205	103.335	61.63	86.075	76.08	3.705	6.895	6.135	5.155	6.75	4.6	4.505	6.29	5.715	3.355	2.975	3.685
"AT4G33790"	331.54	551.345	435.505	86.7	99.895	140.355	3251.665	5459.67	4021.145	2909.355	3504.285	4115.15	30.52	34.475	23.13	14.815	18.37	24.585	21.58	41.945	19.51	15.39	24.77	23.22
"AT5G59530"	311.11	549.3	440.79	183.475	303.485	194.2	1481.93	2180.16	1736.535	1443.645	2769.985	1725.2	191.87	234	128.05	107.03	128.665	76.63	137.9	280.48	160.71	36.05	61.935	45.02
"AT1G51790"	216.2	467.705	352.27	269.01	327.53	209.26	1841.36	2564.855	2048.095	1449.025	3372.945	2239.705	43.245	54.955	44.75	29.38	55.79	26.19	34.75	79.605	51.34	20.51	34.875	28.13
"AT2G19060"	331.455	650.165	454.575	232.085	542.195	270.87	3824.55	7678.445	4213.645	3876.55	8322.92	4503.79	48.435	65.495	57.015	39.825	47.715	29.345	41.635	66.755	51.17	23.86	44.63	37
"AT3G09960"	121.65	188.39	130.075	137.17	195.065	167.67	645.005	1130.63	777.89	764.325	1143.68	856.835	16.825	26.5	22.03	29.835	47.22	25.595	12.235	25.09	20.38	9.845	15.885	10.8
"AT4G21534"	118.94	196.9	146.93	60.38	82.535	104.34	403.83	627.25	510.91	359.19	644.965	500.02	122.68	149.845	145.985	91.72	110.235	99.185	95.075	118.855	123.01	127.65	148.57	147.08
"AT2G19620.2"	157.805	248.645	210.01	206.36	178.48	241.085	375.52	814.4	615.77	459.15	826.205	694.565	97.175	123.22	107.97	117.1	107.95	139.615	101.71	119.2	114.22	146.845	168.555	166.455
"AT2G30040"	169.885	326.015	331.16	158.23	247.145	200.075	587.005	856.56	626.545	470.035	946.65	775.37	121.98	173.42	176.19	98.005	153.165	113.55	219.81	249.105	253.495	137.62	201.545	204.945
"AT3G55610"	1252.3	1892.65	1677.77	1291.695	1705.24	1738.185	2530.135	3567.84	3363.835	2378.72	3692.59	3806.66	1264.075	1522.905	1394.96	1060.375	1284.845	1158.39	1254.135	1629.285	1391.46	1238.545	1317.185	1245.845
"AT1G23710"	237.205	491.44	496.88	352.685	617.1	468.525	950.99	1628.27	1631.35	804.575	1672.32	1420.04	310.93	296.265	318.765	239.48	232.2	266.94	303.245	341.065	314.84	140.525	157.885	190.12
"AT3G45440"	4.825	14.51	10.24	5.84	11.31	22.975	46.845	70.69	73.995	31.36	60.295	79.625	1.265	2.825	1.755	0.49	0	0.595	0.935	3.31	1.615	1.87	1.115	1.065
"AT4G18940.1-Protein"	98.03	216.025	165.085	43.275	123.995	81.23	468.735	871.685	863.265	440.46	1303.07	1035.9	6.275	13.18	9.545	16.785	23.935	16.075	11.13	31.76	64.25	6.6	10.455	15.33
"AT4G03460"	28.8	102.055	104.775	46.495	70.575	55.295	345.205	520.265	631.755	266.495	882.225	716.42	9.985	12.97	13.775	10.075	12.99	6.46	7.14	25.665	11.45	4.065	7.81	11.285
"AT1G10340.2"	50.35	102.315	80.185	70.925	102.55	45.66	336.035	519.01	647.5	206.425	719.075	633.195	12.38	12.54	8.51	11.255	13.37	12.755	8.84	14.09	16.75	6.655	15.43	7.565
"AT3G19320"	89.58	182.575	129.015	19	28.675	52.245	928.13	1577.665	1360.96	942.695	1869.125	1997.535	13.08	7.79	14.525	7.28	8.325	10.63	3.315	8.68	8.2	3.185	11.09	13.26
"AT5G36870"	14.255	48.39	35.465	17.325	41.34	51.245	65.1	118.565	112.95	45.33	159.675	135.565	9.33	9.935	12.84	5.77	4.16	7.48	6.205	7.78	8.15	7.535	8.175	7.21
"AT2G28970"	37.445	99.895	63.57	51.1	89.925	180.855	192.815	333.835	290.61	203.485	415.35	317.66	21.19	35.635	24.91	11	17.695	11.745	26.51	59.045	31.92	14.02	20.72	13.615
"AT2G42060"	1057.81	2754.29	1658.41	435.67	1318.8	609.105	7833.83	21877.58	13805.495	6401.07	30508.175	15549.9	437.23	627.425	588.3	678.99	797.83	812.67	330.36	702.455	647.08	64.985	188.99	115.515
"AT1G26420"	11.14	48.025	46.26	7.385	23.98	13.63	90.675	353.2	281.39	47.745	441.525	204.085	3.095	3.41	2.91	6.215	10.62	5.865	2.55	13.08	17.44	5.055	6.365	3.105
"AT1G08050"	103	180.245	139.195	70.67	131.92	76.885	453.09	982.935	566.565	337.04	948.27	536.565	96.345	104.82	107.9	131.015	187.04	137.315	52.595	82.01	127.635	95.94	133.955	122.375
"AT4G25070"	165.825	351.755	228.395	104.635	171.095	158.435	940.98	1422.59	946.245	688.84	1624.92	958.925	348.775	455.975	430.865	274.57	419.54	345.635	283.195	533.72	389.74	22.66	39.69	26.325
"AT1G02400"	336.71	647.455	544.9	110.16	229.88	257.22	1689.41	2593.22	2414.885	1620.55	3024.885	2485.13	610.74	651.75	551.325	430.515	679.115	526.2	507.685	880.785	965.96	45.42	65.64	69.5
"AT2G32295"	203.42	446.63	289.625	220.755	318.25	348.75	1068.505	1444.85	1063.145	621.965	1334.055	906.8	296.195	351.155	318.69	237.535	305.715	248.07	362.39	492.15	426.385	155.86	160.175	137.645
"AT1G51270.1"	3.9	18.9	15.915	5.175	2.665	17.635	35.51	38.285	37.055	17.815	35.515	40.04	8.635	6.895	8.22	2.125	2.08	1.615	4.25	10.565	11	0.44	3.705	3.04
"AT3G60540"	45.96	87.845	61.355	121.58	145.17	81.86	123.415	244.755	124.165	129.125	339.38	157.38	10.075	18.8	20.225	37.29	33.6	26.45	18.265	28.225	15.895	14.84	19.385	18.34
"AT3G43850"	9.155	30.635	13.305	24.05	47.285	14.96	57.74	66.16	55.735	53.015	79.65	45.25	4.93	7.2	12.215	7.735	8.995	9.955	16.145	12.405	4.92	7.04	9.32	4.075
"AT5G20410"	68.09	126.36	113.6	37.56	49.24	103.53	134.985	444.06	395.505	164.88	553.845	455.555	76.905	174.755	168.135	61.475	94.89	103.965	29.06	65.245	38	52.345	82.435	65.52
"AT5G10430"	22381.445	45464.295	28083.53	14181.025	19358.84	23274.42	46695.915	71995.675	68235.17	62995.01	111143.715	93273.215	23692.335	33970.045	34885.82	19907.4	31989.25	33194.865	13610.005	22487.485	13770.71	20458	28129.12	23983.965
"AT3G58620"	113.205	191.115	132.56	68.775	91.88	129.99	317.97	474.865	474.09	330.6	464.395	423.575	198.06	250.395	165.4	222.655	217.645	234.3	124.05	128.18	79.04	133.68	176.38	197.53
"AT1G52580.1-Protein"	5.885	37.75	31.545	11.615	11.315	20.915	29.855	227.175	259.055	94.74	226.545	256.92	0.61	1.415	5.145	2.05	1	1.615	0	2.585	1.215	3.355	5.58	3.395
"AT1G47603"	4.54	50.53	68.455	8.84	19.325	47.875	79.59	523.79	573.86	230.575	522.535	427.165	1.875	5.555	5.215	3.19	0	4.255	1.7	3.725	9.07	4.67	3.72	6.305
"AT4G37390"	201.665	606.465	571.185	168.865	439.06	385.085	1911.095	4618.1	5020.765	1351.565	4363.91	4897.845	60.295	115.625	135.12	64.17	89.67	101.33	59.905	97.35	133.33	23.525	65.025	60.255
"AT3G16370"	53.41	177.295	278.52	134.27	131.865	248.975	468.65	1107.955	2059.975	521.57	1096.45	1725.04	24.72	20.97	26.645	27.375	10.7	15.065	22.005	22.07	20.415	15.83	28.8	26.52
"AT1G29230"	16.66	37.78	32.72	14.96	36.68	54.825	17.96	128.505	147.39	64.22	138.05	203.28	19.575	27.865	42.54	28.93	36.98	47.39	12.24	31.385	25.68	17.16	22.835	37.515
"AT2G37580"	127.465	253.555	216.285	121.965	189.97	209.44	351.475	434.525	319.485	454.86	498.725	563.025	153.505	226.345	167.705	174.93	266.625	193.53	221.6	244.77	181.905	143.215	141.58	113.095
"AT1G78310"	295.775	495.9	427.72	250.865	443.63	429.52	668.665	707.345	773.785	771.925	908.335	967.245	324.14	329.855	372.56	326.945	321.2	365.8	379.04	416.32	379.885	204.415	243.665	225.155
"AT1G09310"	27.88	152.97	148.995	19.475	24.65	8.435	267.855	369.745	192.595	379.205	279.285	518.875	46.385	30.43	46.96	39.865	43.91	49.765	39.51	27.33	34.245	19.795	14.115	16.205
"AT3G44200"	634.055	970.875	792.5	542.345	891.37	1033.435	1158.415	1630.08	1648.01	1202.105	1544.59	1746.465	802.17	1029.185	891.625	614.39	724.05	698.735	846.62	837.16	714.465	654.71	1017.13	906.05
"AT3G16940"	233.205	384.195	353.05	265.445	293.655	330.42	465.235	490.27	710.055	447.16	506.02	683.535	360.24	296.645	331.505	197.79	245.925	233.34	280.305	291.99	289.485	319.53	400.36	402.95
"AT5G35570"	436.62	684.675	600.665	451.79	446.55	578.315	696.975	902.795	902.755	731.285	877.6	776.47	473.285	569.96	532.015	442.94	511.14	474.15	477.355	602.99	390.05	547.44	659.56	576.095
"AT3G50840"	122.35	210.155	184.51	74.805	121.89	101.46	270.95	394.175	342.705	310.575	413.795	456.075	20.665	17.225	21.375	23.655	29.655	25.705	14.445	12.975	14.315	152.95	166.31	157.975
"AT1G48540.1"	84.695	194.845	162.74	81.145	95.195	150.285	160.485	245.365	162.935	149.11	252.635	202.305	109.82	103.41	95.87	104.965	142.585	96.755	119.635	131.76	95.7	85.93	81.195	76.485
"AT4G24020"	404.505	605.11	481.36	561.48	649.17	741.535	950.33	1047.94	1122.815	679.19	1217.635	1006.305	536.275	613.58	513.06	378.035	514.2	444.985	504.625	778.545	664.16	251.245	276.965	242.775
"AT4G00240"	35.04	63.495	40.055	43.655	68.55	70.87	92.44	129.86	116.615	69.66	149.58	113.825	53.19	59.445	61.92	45.46	57.015	48.15	63.13	75.83	78.395	16.825	15.96	19.855
"AT1G61210"	144.34	232.64	198.065	180.225	220.985	255.975	340.39	399.99	348.135	278.375	456.22	410.105	242.31	247.16	261.385	192.575	230.49	209.18	220.745	287.82	252.26	164.77	159.475	169.555
"AT1G07310"	804.955	1333.44	999.555	1354.79	1602.875	1627.97	1667.195	2040.84	2040.1	1732.995	2439.53	2378.34	1416.145	1528.585	1492.28	1066.145	1288.395	1103.765	1270.425	1268.69	1315.875	904.43	850.455	935.45
"AT5G36940"	291.01	460.465	382.23	452.23	431.695	520.175	721.56	790.48	846.175	748.09	721.36	814.07	399.695	364.98	355.555	306.525	397.605	346.97	413.54	391.335	368.565	129.08	148.48	132.5
"AT3G63340"	86.11	168.655	158.475	115.68	116.49	159.34	205.885	195.42	207.66	199.6	204.39	204.225	169.24	155.77	181.14	116.125	132.285	130.245	149.115	169.02	146.48	91.685	93.96	89.325
"AT4G12780"	288.045	451.425	452.165	360.67	314.07	357.025	556.35	638.87	564.165	526.155	671.575	535.44	464.345	510.05	497.835	343.09	401.7	354.3	440.135	453.795	364.795	374.295	370.12	393.835
"AT2G27900.1"	377.205	579.125	491.235	443.685	527.805	529.915	779.655	864.425	764.995	596.9	763.02	734.825	660.395	581.995	622.155	447.735	445.82	483.44	558.235	586.69	522.465	504.15	495.15	580.27
"AT3G55320"	189.62	296.135	224.345	238.43	237.565	234.945	570.395	722.815	514.57	402.785	567.235	567.605	456.24	439.545	378.205	305.295	376.535	254.805	319.315	448	364.51	218.02	218.875	195.81
"AT1G10090"	422.4	664.5	567.355	305.815	348.865	462.945	921.06	1261.3	904.035	696.6	902.58	944.42	633.98	652.995	689.59	418.32	498.74	515.69	567.155	573.515	569.14	336.405	377.72	311.205
"AT1G61820"	448.61	717.72	725.215	644.295	634.22	721.795	436.51	851.16	1278.06	1079.08	1340.19	1967.38	748.375	688.77	948.435	503.615	504.56	726.88	547.96	642.58	819.195	244.94	354.65	377.475
"AT1G18400"	12.77	69.425	74.75	7.985	26.655	38.225	26.07	94.505	184.795	154.16	393.745	844.075	67.265	74.91	106.335	165.06	246.09	197.06	70.015	149.095	112.47	1.375	3.74	9.315
"AT5G19880"	3.335	19.195	19.16	0	0.665	3.24	9.95	211.68	86.5	8.36	70.475	64.09	0	0	2.355	1.595	7.16	1.53	1.53	2.765	6.045	2.69	0.765	1.195
"AT1G08090"	87.825	608.375	115.28	62.53	464.265	40.47	2561.61	8757.415	586.38	789.2	5171.35	337.99	34.49	89.505	10.435	63.665	117.415	12.825	47.155	146.005	18.105	11.5	54.88	5.3
"AT2G02010"	4.54	39.335	62.75	1.265	1.995	4.05	3.02	119.935	18.75	4.435	97.525	31.32	1.265	4.07	1.37	5.275	11.24	2.125	0	8.655	1.6	9.94	22.375	24.515
"AT5G01720"	184.26	289.675	281.265	162.8	194.47	232.75	377.215	361.485	235.91	188.41	367.535	261.765	217.81	172.1	218.945	103.425	124.47	149.915	168.49	163.445	201.955	235.42	239.935	219.23
"AT5G54020"	134.76	221.33	137.35	155.26	198.55	296.66	309.795	447.68	340.98	244.49	352.495	322.955	143.825	224.315	156.4	330.535	410.535	396.005	145.72	262.5	270.53	19.3	37.355	43.915
"AT2G20880"	9.44	29.975	25.995	25.945	74.03	63.29	28.985	139.3	115.165	30.435	103.72	122.82	15.39	14.24	28.76	74.725	124.19	85.36	20.73	37.87	23.98	1.925	12.655	6.08
"AT2G47070"	644.125	975.045	777.245	834.435	1137.655	991.115	831.71	1308.06	955.46	903.82	1157.845	1129.03	838.88	843.965	781.645	818.79	1058.49	857.69	702.01	804.35	807.505	802.15	882.8	813.53
"AT4G25560.1-Protein"	238.62	414.565	452.6	235.78	461.91	426.695	265.145	560.81	474.64	176.035	378.135	459.15	71.975	118.845	146.185	244.135	296.72	278.88	52.34	98.245	124.085	21.61	31.605	56.88
"AT5G43890"	40.57	100.71	49.105	7.26	39.34	23.445	5.86	16.775	13.92	96.81	64.93	173.2	2.53	5.275	0.985	1.515	3.375	1.705	4.335	7.56	7.695	63.695	98.58	55.14
"AT2G18100"	17.735	47.36	31.03	42.515	35.93	68.16	24.41	39.82	63.47	47.58	43.905	73.92	21.625	28.71	21.33	27.295	40.615	34.8	24.725	32.785	16.42	45.8	54.99	48.38
"AT1G71970"	301.39	461.605	457.26	99.865	93.93	148.98	256.68	386.705	430.71	342.92	639.025	517.115	181.71	228.295	239.005	225.67	293.34	257.405	162.115	205.525	180.075	974.35	844.005	898.805
"AT1G48280"	102.71	162.445	174.355	70.35	183.095	129.585	122.675	234.005	238.065	118.925	140.36	204.25	108.905	143.415	119.66	73.795	91.065	112.87	97.205	107.255	139.115	328.56	373.75	384.29
"AT3G28920"	216.13	326.645	341.07	166.685	185.925	294.55	354.095	472.815	634.525	399.055	594.455	704.9	184.63	217.305	183.505	228.99	312.33	249.84	203.665	244.335	215.445	511.985	530.605	582.405
"AT5G48412"	708.87	1401.87	1107.42	1587.63	3071.105	1544.91	840.4	912.105	1163.995	1575.375	1784.385	1553.47	1060.915	1320.175	1334.275	949.085	1346.25	905.56	1359.12	1359.235	961.65	904.595	1207.325	882.16
"AT1G56280"	2507.335	4325.105	3624.625	6538.15	11605.72	7023.27	3053.83	3994.975	3382.735	4027.57	5697.5	4491.195	3891.11	5144.94	4029.005	3449.76	5924.95	3713.92	4092.795	5433.605	4070.665	3553.34	4867.42	3308.005
"AT1G71340"	305.06	504.205	404.945	695.145	1071.04	804.76	315.5	336.725	496.265	527.795	505.355	668.84	571.94	522.735	538.8	382.565	496.995	434.39	469.445	514.44	428.69	378.49	491.585	394.85
"AT3G46385"	66.675	119.75	120.735	202.065	255.665	242.04	58.185	72.97	88.915	118.16	188.705	182.89	138.42	130.63	146.735	145.95	176.7	152.53	177.415	177.28	148.265	80.975	100.62	80.82
"AT4G09460"	329.83	511.665	466.975	1022.965	2015.11	1190.735	594.935	859.895	857.19	903.115	986.76	1046.83	1066.28	1189.33	1107.53	1120.05	1299.47	1067.1	905.655	1083.205	930.655	193.87	207.64	232.905
"AT3G54500"	53.34	121.885	66.785	133.86	141.7	155.345	65.705	114.26	71.605	135.33	141.135	120.74	106.375	155.955	104.435	82.06	123.585	86.69	126.005	170.225	109.86	39.575	66.13	41.85
"AT3G02170"	255.085	527.72	319.635	967.03	1997.6	1963.93	523.255	897.495	808.815	511.28	722.405	701.075	175.825	333.87	280.12	241.3	260.82	261.44	110.885	187.925	108.955	70.53	124.055	127.22
"AT2G43880"	585.95	1098.28	642.05	4268.405	7723.56	7332.145	1770.59	3375.39	2839.18	2187.155	2789.485	2141.005	36.23	53.795	40.09	34.645	33.62	27.58	27.785	43.92	34.315	30.52	58.205	54.17
"AT5G56750"	645.475	1024.475	687.79	1809.445	1989.18	2343.345	846.625	1370.465	1122.71	924.38	1246.28	1106.7	607.295	760.395	616.115	513.6	697.84	645.245	392.895	508.595	350.87	549.61	631.435	570.02
"AT3G59850"	193.57	364.59	231.455	1583.54	3927.255	2646.945	1123.845	1238.625	991.755	1671.595	1494.075	1206.345	13.95	16.565	13.635	13.795	9.54	13.87	9.52	14.775	11.015	13.47	18.255	18.85
"AT4G33300"	55.815	97.795	92.435	197.59	393.77	277.69	102.555	98.5	137.115	191.825	266.25	202.63	64.525	85.64	92.75	95.6	92.485	91.895	111.65	124.725	105.27	49.325	69.03	54.88
"AT2G43470"	31.5	94.15	44.705	290.975	540.075	559.53	60.23	86.91	94.33	216.52	376.255	195.755	3.79	3.035	4.33	6.75	10.24	5.605	13.425	18.3	6.53	2.25	3.01	3.945
"AT2G37150.3"	79.09	143.055	134.475	222.11	237.04	274.785	164.61	178.58	224.7	155.81	175.09	151.69	125.075	124.19	129.825	96.46	97.485	108.195	106.125	126.46	133.105	89.5	107.66	99.8
"AT5G53390"	13.05	30.92	59.39	185.745	234.69	198.28	6.065	5.9	22.335	19.235	27.26	26.82	0.61	0	0.77	1.02	0	0.51	0	1.12	0	0	0.75	1.425
"AT5G53380"	125.32	248.565	259.205	1137.045	1347.08	1271	57.595	80.245	214.125	119.92	164.6	239.235	3.75	2.515	2.74	2.615	0.915	0.595	3.825	4.21	3.7	3.185	1.845	5.43
"AT4G16220"	5.96	15.7	10.32	46.905	72.005	49.865	3.22	9.805	9.72	3.845	11.45	9.465	0	0	0	0	0.46	0	0	0	0.415	0	0	1.13
"AT4G25700"	277.405	437.63	385.695	1752.435	2818.815	2542.82	341.33	531.26	554.35	554.56	724.995	664.265	178.66	185.09	209.5	109.46	137.955	133.43	148.52	103.555	131.4	177.125	178.62	167.155
"AT2G37700.1-Protein"	614.175	1038.535	837.24	4453.23	6584.115	8493.5	700.685	1357.435	1018.35	355.63	890.52	793.02	16.175	19.65	21.91	7.16	8.075	10.715	6.63	20.45	11.92	19.135	25.68	28.295
"AT2G23400"	384.635	590.42	536.485	2854.85	2763.695	3677.225	273.79	309.79	292.475	231.465	302.94	295.645	8.72	10.685	16.715	2.615	5.7	7.48	3.655	7.715	6.53	9.02	14.17	12.84
"AT5G19060"	61.995	96.765	71.595	339.115	518.46	469.175	65.735	105	67.44	48.67	64.99	57.165	68.185	108.465	98.885	57.265	71.43	59.06	43.25	61.06	59.61	86.92	86.43	89.74
"AT1G50050"	233.36	495.25	345.765	2155.975	4249.11	3498.76	153.29	235.995	154.75	103.47	207.495	180.825	2.485	3.79	3.345	2.54	1.835	3.405	2.805	4.055	2.035	2.31	3.375	2.39
"AT4G36648"	257.385	514.11	482.035	3315.615	4331.445	4835.345	572.425	579.585	593.01	795.13	857.74	654.965	597.23	566.725	581.465	538.28	669.115	589.31	749.84	873.725	530.74	597.38	638.755	495.645
"AT2G45850"	3.195	12.76	9.21	40.465	67.22	70.81	10.92	12.025	11.53	16.895	30.53	15.285	5.01	4.24	1.37	4.585	2.915	4.85	3.825	2.235	4.92	12.915	17.615	17.11
"AT2G43870"	136.75	286.1	199.175	700.705	2047.125	1941.335	75.585	146.835	125.735	684.81	373.185	515.855	98.355	125.01	189.755	65.365	97.415	120.895	148.1	159.325	271.77	10.115	16.78	20.505
"AT4G30940"	80.935	122	108.505	174.385	203.71	226.765	69.06	121.005	120.665	88.545	119.49	108.135	103.805	75.59	99.195	76.45	89.505	89.71	71.63	74.535	81.865	116.33	122.435	138.345
"AT5G02160"	23.05	82.74	60.36	73.005	134.465	132.675	6.55	22.82	41.68	32.535	42.38	57.645	5.755	12.615	8.22	2.54	6.62	4.935	11.47	11.855	11.135	20.22	27.355	28.46
"AT1G58235"	259.945	576.01	519.29	654.71	1034.17	719.34	304.985	302.125	352.345	518.97	444.49	463.97	374.75	325.92	365.23	284.065	328.375	262.79	348.025	373.12	276.57	384.355	441.24	366.4
"AT4G09840"	12.98	28.81	25.695	38.725	49.285	58.15	17.96	23.895	32.085	33.95	38.46	33.49	20.36	17.89	22.68	16.495	29.605	23.295	22.855	27.265	25.28	25.64	24.07	30.755
"AT2G02810"	368.615	586.645	507.86	961.315	1471.495	1140.155	557.28	949.785	697.19	474.705	616.26	576.57	537.635	687.46	590.3	488.28	518.175	526.775	615.175	653.265	765.37	392.555	439.025	519.42
"AT5G42825.1-Protein"	20.355	52.98	36.895	55.99	92.575	59.19	33.255	40.43	58.71	55.86	55.39	63.95	19.4	22.71	16.205	25.13	18.485	19.81	34.58	36.23	29.5	18.355	27.58	18.14
"AT2G18160"	6701.09	10451.02	10163.225	9503.045	16421.59	12492.37	8532.66	10508.955	9924.825	10387.29	13418.955	11803.085	6015.46	7198.43	7570.155	7519.29	9545.055	8003.665	8033.42	8885.03	7296.175	7596.305	8272.805	8178.435
"AT3G13277"	2.695	14.4	10.41	39.265	82.015	28.385	11.75	20.83	13.935	20.485	37.435	27.315	11.205	12.895	12.12	8.56	7.535	10.975	8.58	11.11	5.335	9.675	15.3	11.77
"AT2G24400"	156.555	469.88	274.105	758.87	4611.13	1578.91	611.38	1500.11	758.085	1050.8	1860.795	1275.14	9.42	14.685	12	14.085	7.075	7.92	14.445	12.755	10.65	45.42	84.045	39.645
"AT3G15540"	427.79	803.96	750.07	1844.375	3054.84	2506.27	146.65	804.195	522.255	928.075	2482.67	2321.225	62.735	86.885	107.995	106.22	108.015	137.6	68.145	67.175	98.355	1044.695	1584.72	1464.595
"AT1G70790.2"	180.015	274.945	233.615	528.175	529.195	583.205	121.81	155.385	183.24	331.76	576.835	405.99	98.485	91.335	91.23	120.835	127.505	103.67	137.22	139.8	100.875	195.4	211.865	223.105
"AT3G52460"	249.535	381.935	350.25	345.62	475.82	457.115	113.155	166.72	193.415	191.505	313.89	307.56	29.605	35.415	38.955	48.225	51.35	36.99	36.535	49.49	38.17	223.87	270.105	251.18
"AT3G42052.1"	193.21	344.33	291.48	747.535	684.92	1217.7	152.315	142.74	174.7	213.31	254.655	214.805	278.32	267.645	274.11	272.33	308.275	253.59	345.905	394.625	298.8	331.645	342.41	311.5
"AT1G62610"	56.46	98.12	68.735	212.77	228.46	378.665	76.42	90.125	89	71.07	79.255	73.435	86.625	88.955	74.76	94.19	106.2	93.255	97.2	110.13	83.625	86.59	98.175	81.69
"AT1G08910.1-Protein"	26.805	48.905	27.855	63.79	87.235	127.525	33.495	33.61	25.495	25.26	22.775	20.63	35.71	35.77	23.255	33.965	38.735	30.715	44.27	50.36	30.595	39.585	39.905	41.85
"AT3G52820"	150.445	265.65	282.065	1655.235	1444.11	3630.29	187.77	292.145	281.27	95.845	121.97	122.195	10.815	21.25	34.675	20.185	15.86	22.455	16.995	20.845	21.645	194.955	167.55	204.22
"AT1G62940"	21.215	44.695	59.04	96.075	163.6	316.795	19.035	39.135	45.63	8.535	21.9	40.9	0	0.445	2.14	0	0.54	0.51	0	0	0.415	0.495	0.765	1.13
"AT1G79245"	17.09	84.845	44.5	220.05	248.975	381.825	90.08	121.205	119.935	72.935	75.58	63.475	129.305	111.015	97.1	64.995	100.14	64.48	75.96	160.415	57.01	59.63	79.945	56.21
"AT1G35115.1"	55.33	94.81	73.545	110.6	92.56	172.32	80.765	76.2	72.25	49.41	50.58	53.645	65.525	55.495	66.61	60.16	55.02	68.075	60.665	68.005	63.765	57.515	63.91	77.035
"AT4G24900"	29.86	67.29	61.125	85.03	57.25	139.48	38.555	40.66	32.785	41.305	44.945	43.81	58.245	52.385	40.735	36.995	33.095	41.425	49.535	56.345	44.39	40.53	49.61	61.415
"AT3G61020"	64.055	123.715	112.29	138.275	111.15	260.755	63.35	57.415	68.495	72.255	101.09	93.69	96.345	109.245	95.105	81.275	87.75	84.665	108.59	128.41	100.58	96.04	107.645	79.525
"AT2G25590"	14.325	48.305	34.42	57.005	95.18	168.665	27.605	53.225	49.71	40.72	98.105	45.265	58.11	38.01	31.165	26.645	33.85	29.195	40.955	72.46	31.1	20.78	26.685	22.93
"AT1G13350"	42.99	97.255	94.75	132.785	131.155	227.715	84.49	118.925	93.725	69.01	103.2	96.585	69.625	76.25	85.34	62.165	67.875	66.51	88.875	113.155	66.3	51.025	83.77	66.07
"AT4G18120"	87.45	196.82	123.33	178.36	241.61	276.06	119.075	140.235	124.865	131.035	166.225	151.94	108.645	110.92	95.345	90.31	86.165	77.895	116.15	152.345	97.555	92.02	108.79	88.03
"AT2G38260"	59.505	127.46	108.56	141.785	159.145	194.27	72.64	85.54	99.54	101.445	121.385	102.43	109.905	105.055	90.965	97.935	100.565	91.525	99.75	126.74	99.43	60.88	71.66	65.17
"AT4G26260"	2.695	17.49	121.05	69.975	143.14	848.8	0.485	6.435	81.15	36.06	47.8	183.22	3.05	2.515	5.65	4.175	2.08	2.725	8.325	13.57	37.375	20.55	42.965	84.31
"AT3G30775"	2149.595	6016.355	5304.095	3905.15	8502.46	16834.725	3596.075	5019.605	8970.35	5402.09	5808.935	7154.505	3929.47	5378.155	4918.935	4767.82	3881.51	4687.955	4904.47	5428.09	5323.37	1477.365	3499.75	2533.145
"AT5G23380.1-Protein"	24.895	67.195	39.915	56.025	107.88	141.8	12.28	12.33	19.33	24.92	29.28	26.81	32	58.32	33.71	35.93	40.88	34.875	48.18	51.68	56.625	53.66	66.62	53.43
"AT4G14620"	217.995	408.095	348.01	398.2	452.515	551.63	216.905	265.425	283.045	191.88	333.48	358.79	220.29	280.59	282.84	185.9	240.28	224.69	371.565	338.01	351.42	284.295	342.49	317.995
"AT5G26240"	227.665	374	295.815	374.495	447.67	458.525	445.02	484.01	469.035	424.06	436.755	404.83	297.155	339.665	322.97	257.27	307.135	284.565	305.8	326.84	268.435	232.735	284.46	285.525
"AT3G51180"	57.17	102.895	61.705	113.6	133.905	176.51	145.955	139.67	131.2	112.625	169.56	123.295	72.54	93.335	77.02	68.58	97.65	60.485	84.795	125.995	70.28	46.445	53.055	37.935
"AT5G63370.1"	498.22	787.33	671.425	817.61	1078.415	1144.74	1068.385	1263.05	1144.885	773.695	1261.625	995.215	818.175	859.355	785.655	651.96	844.41	629.195	751.79	906.165	717.93	690.065	815.36	697.6
"AT2G16405"	197.4	322.23	281.12	309.57	336.17	396.215	318.645	418.095	362.07	300.505	343.785	354.42	278.235	287.02	267.16	202.405	249.09	224.375	240.8	248.48	240.72	267.615	290.555	254.61
"AT2G37980"	227.475	384.35	227.215	799.97	1081.04	1237.04	642.285	1084.175	872.73	883.57	1292.11	1093.365	111.255	142.095	125.165	155.36	186.41	172.885	116.405	143.79	119.225	50.585	85.05	65.875
"AT1G53700"	172.415	365.305	276.105	908.685	1469.94	1559.54	299.465	1156.065	867.385	601.32	1144.8	1385.04	10.595	19.63	14.45	14.165	7.67	14.905	7.395	20.05	15.55	16.225	32.87	43.595
"AT5G67080"	40	66.43	51.445	103.62	175.71	174.115	104.54	194.36	187.705	74.1	174.465	150.38	4.4	5.93	2.575	4.585	6.535	4.255	0.51	6.225	4.085	5.325	13.515	9.185
"AT4G26050"	18.865	73.475	47.64	267.37	247.045	249.995	117.765	249.73	151.06	57.64	270.815	148.98	0.61	4.52	5.7	3.68	2.535	3.655	5.1	7.405	4.88	4.295	4.05	4.655
"AT3G13965"	100.1	224.31	73.14	201.72	197.715	340.29	140.625	221.085	187.25	141.63	243.605	205.075	89.2	102.355	90.54	61.635	88.77	67.8	85.055	107.935	67.345	78.285	78.875	84.335
"AT4G17840"	132.7	234.935	179.15	213.43	218.99	305.8	261.775	277.44	277.255	308.57	277.715	252.755	92.205	78.72	83.615	77.195	98.31	80.64	100.685	88.19	73.06	63.93	101.73	65.36
"AT2G45880"	92.43	154.82	130.915	173.22	153.725	185.61	160.59	151.845	149.83	140.985	171.795	155.945	94.04	142.945	125.335	75.865	98.63	115.93	117.425	120.23	107.88	112.25	142.355	132.62
"AT3G47340.2"	6.6	155.31	217.335	111.07	433.95	1717.54	33.665	190.56	1108.955	261.8	1019.505	1371.205	5.54	8.59	17.29	12.68	32.26	7.22	10.11	18.365	16.505	17.15	16.14	53.5
"AT1G77850"	41.995	99.065	77.735	106.81	95.185	150.05	66.265	72.97	82.22	108.22	161.845	122.925	53.93	50.74	56.39	46.975	65.08	58.02	78	76.99	75.61	61.86	63.865	68.525
"AT5G23150"	167.19	309.085	194.05	255.505	292.96	422.81	293.12	338.48	296.04	262.51	304.335	246.22	262.715	282.6	300.99	223.33	253.97	231.34	274.355	324.22	258.875	242.89	215.35	208.555
"AT5G07740"	129.525	264.065	200.755	261.09	297.585	468.68	257.785	293	270.48	225.855	287.355	207.125	224.61	256.895	255.085	197.4	213.53	194.675	258.645	292.49	209.415	194.64	195.545	170.2
"AT3G50370"	444.525	665.105	468.795	640.32	819.635	813.92	682.255	762.315	584.82	569.765	722.975	604.56	626.78	591.08	539.85	531.885	575.265	482.175	596.9	681.475	475.19	609.415	587.225	568.33
"AT5G03730"	507.225	784.955	685.55	871.74	952.19	872.7	728.275	762.58	810.64	776.78	909.385	775.36	713.805	757.865	670.535	549.355	637.985	572.69	722.48	770.735	675.635	586.085	671.585	622.935
"AT1G21160"	63.14	132.99	106.155	113.785	147.15	171.585	118.015	138.61	115.41	119.645	146.975	100.975	128.3	120.59	116.165	78.385	79.53	89.845	109.355	118.375	83.57	49.82	108.26	82.18
"AT4G04740"	14.25	45.425	35.575	48.165	40.625	97.51	36.82	51.535	59.6	56.87	72.515	51.21	33.525	36.265	35.205	25.035	30.445	20.76	42.315	66.3	31.395	10.225	14.115	14.49
"AT2G02410"	53.84	93.37	65.075	92.855	96.445	127.91	69.385	83.33	96.36	114.08	117.925	104.365	90.46	83.03	91.4	63.935	61.59	67.885	82.25	91.13	79.68	37.545	61.735	48.575
"AT3G22380.1"	897.465	1434.2	1177.58	1188.54	1332.74	1417.835	1704.635	1834.055	1447.695	1090.875	1288.685	1330.59	1233.515	1226.82	1227.555	854.385	1138.8	966.265	1259.57	1181.125	1022.93	942.07	1148.745	1104.84
"AT1G27430"	110.51	174.015	136.045	176.25	216.355	213.44	221.42	230.535	206.92	143.59	186.915	157.395	171.99	170.08	184.145	138.045	162.925	139.86	180.815	176.425	174.575	134.84	146.29	138.515
"AT3G57965"	55.61	101.805	75.895	109.775	90.465	153.2	87.255	88.46	81.195	64.13	85.45	76.115	97.22	73.635	83.105	60.555	82.295	71.395	70.35	93.58	52.82	96.5	94.34	90.26
"AT1G58230"	161.86	245.12	179.63	279.995	324.395	359.935	243.21	255.5	267.73	154.72	185.605	201.825	278.405	224	199.155	173.82	186.32	168.47	173.59	197.815	181.405	251.95	262.28	259.94
"AT5G57610"	89.37	145.15	96.015	130.23	142.4	188.7	81.12	147.36	115.85	86.13	128.515	123.295	139.55	145.27	136.85	106.935	141.405	120.905	105.02	118.915	121.235	119.405	146.985	132.915
"AT2G44850.1"	33.41	65.12	37.7	89.765	79.25	94.155	37.555	48.235	38.145	55.61	67.905	45.625	41.85	59.26	41.265	54.845	52.795	59.025	65.51	71.335	72.205	52.065	60.04	43.53
"AT2G25660"	40.855	64.145	50.42	107.69	94.535	104.64	71.315	70.38	56.405	57.12	52.185	42.47	56.72	72.53	55.595	51.905	57.655	48.585	63.98	73.815	59.32	59.745	69.085	60.41
"AT5G43930.4"	85.19	143.85	124.94	193.83	171.82	235.325	119.19	142.73	142.485	115.805	122.24	104.24	153.855	151.11	178.81	104.14	149.995	143.975	174.1	200.53	160.54	115.395	160.585	139.965
"AT3G03300.3"	18.23	44.885	33.485	66.22	47.28	80.645	38.48	29.87	20.615	22.33	22.34	19.655	58.505	45.75	40.09	39.14	42.405	37.77	44.865	57.115	42.55	53.7	45.3	31.14
"AT3G48115.2"	454.58	1066.48	836.51	1086.685	1886.065	1174.625	428.81	463.23	635.325	843.925	1044.34	1057.28	628.135	803.955	695.415	471.025	839.535	532.38	709.98	872.035	626.68	785.38	1217.49	813.21
"AT2G26355"	169.53	354.61	225.705	429.35	723.975	383.94	148.25	168.79	259.095	335.055	338.585	380.48	164.01	225.475	159.165	180.055	301.965	167.42	239.265	292.21	165.825	252.17	383.7	262.495
"AT1G69252.2"	267.465	737.655	413.38	612.415	1194.825	667.995	162.59	248.49	282.34	497.32	514.165	414.03	213.665	322.06	249.225	235.44	417.125	224.765	283.19	349.39	244.35	440.09	882.18	466.29
"AT3G24927"	335.23	549.06	486.22	595.785	872.425	527.055	213.96	211.28	338.475	445.88	405.845	445.52	189.035	189.07	243.72	179.67	293.805	219.18	209.955	222.82	181.23	432.605	618.46	435.765
"AT1G55152"	110.72	200.4	165.28	208.385	338.975	190.43	65.6	85.395	129.315	195.23	212.025	227.79	86.275	80.34	91.98	90.23	103.515	82.105	106.885	114.975	107.43	179.515	207.855	166.935
"AT5G21020"	1498.52	3455.55	2766.91	3354.82	6428.73	3527.42	1180.395	1309.395	1101.91	1514.03	1740.19	1459.44	1944.445	2011.05	1689.23	1867.865	2970.78	1626.72	2236.75	2541.16	1699.97	2664.79	3284	2259.445
"AT4G37220"	2.125	24.105	4.595	17.14	33.93	9.325	1.075	2.295	0	9.03	20.605	9.47	0	0.965	1.54	0.53	2.455	4.255	10.96	11.285	2.485	15.99	46.795	5.21
"AT5G41700.5"	5570.515	9163.725	6769.965	8641.305	14428.395	7939.515	5081.85	6290.895	4367.785	7669.32	8629.875	6545.99	5007.83	9188.085	6419.67	7385.445	11549.02	6440.4	7550.78	11284.985	5878.78	8195.47	9631.025	5699.165
"AT4G37890.1"	150.235	253.32	211.625	323.175	250.355	285.215	14.665	22.82	10.405	10.955	15.415	20.025	33.005	21.365	19.625	53.445	64.47	36.915	65.51	35.79	37.75	284.555	340.01	313.34
"AT3G04485"	8.375	24.49	15.53	24.995	17.325	30.13	6.27	4.67	6.1	9.2	8.635	6.675	13.91	5.275	6.635	10.23	17.365	8.08	13.51	10.495	6.605	22.32	25.335	14.615
"AT5G66052"	186.12	539.31	271.475	312.5	682.63	334.14	83.845	66.165	100.695	123.875	100.275	116.85	132.18	159.895	102.58	90.59	115.545	79.61	127.45	167.82	87.42	501.22	789.47	477.73
"AT1G21400"	1.415	14.67	3.045	12.97	24.635	11.46	0.97	1.76	3.655	1.255	0.71	6.07	3.75	12.83	1.155	3.525	7.375	1.53	2.805	5.545	2.085	8.245	25.46	23.58
"AT1G50280"	4.185	15.185	4.925	6.85	17.345	4.97	0	2.22	1.215	0	3.675	1.335	4.4	3.86	3.345	9.78	10.86	7.06	7.395	5.17	2.9	1.32	1.915	0.775
"AT1G30610"	39.94	71.1	54.275	67.795	89.835	67.765	63.17	74.675	49.13	39.81	45.8	56.79	69.8	61.165	46.095	45.38	65.89	65.94	63.385	64.345	61.265	57.41	51.34	56.14
